"ID"	"S01"	"S02"	"S03"	"S04"	"S05"	"S06"	"S07"	"S08"
"TCGA.3N.A9WB"	1.01046169555991e-14	1.01046169555991e-14	1.01046169555991e-14	0.029818430298961	1.01046169555991e-14	0.017422270327435	0.0557759811762917	0.00287572455910512
"TCGA.3N.A9WC"	0.146546779296737	0.0276306682575816	0.33495893041384	0.0747392146317942	0.0519936314452326	1.29100899679618e-14	1.29100899679618e-14	0.0373111516540946
"TCGA.3N.A9WD"	0.071571363785766	1.84514781003145e-14	0.00237423156935579	1.84514781003145e-14	0.0285292473925996	0.106174915830252	0.0480857584629956	0.0193570654591542
"TCGA.BF.AAP0"	0.294943997484541	0.109794789140769	0.0639584674158513	0.0303765181814116	0.0168614015583711	0.0783442583124628	0.0152310903459341	0.0750439734033757
"TCGA.D3.A1Q1"	1.27834451654441e-14	1.27834451654441e-14	1.27834451654441e-14	0.0662215214488572	0.0816676322221363	1.27834451654441e-14	0.00502336936380648	1.27834451654441e-14
"TCGA.D3.A1Q3"	0.220984601961826	0.0334716114937925	0.0458901380419834	0.0272861065264659	0.0665219754421616	0.055308633899321	3.4170625989392e-08	0.0574382390455662
"TCGA.D3.A1Q4"	0.015754422297929	1.31890036708684e-14	1.31890036708684e-14	0.0538994136297622	0.273165342407872	0.00625887828736911	0.0432752154559181	0.334838106972904
"TCGA.D3.A1Q5"	6.96442464456907e-15	6.96442464456907e-15	0.007281088484751	0.0379619508409049	0.13262144064877	0.0143170760047122	0.0535367456779931	0.0841868854896738
"TCGA.D3.A1Q6"	7.51840052899447e-15	0.0260744222276762	0.0062060343920221	0.0189274514787087	0.00418746351890012	0.065582595593605	0.247513234215625	0.0507110220223844
"TCGA.D3.A1Q7"	0.302988029049702	0.116971601614789	0.190683117761295	0.0480238486584857	0.143745769719462	1.10773654130597e-09	0.0605019671162885	0.0545306206403191
"TCGA.D3.A1Q8"	0.00287659378834033	0.173995650863823	1.32187737574333e-14	0.0345645125255907	0.239421792244239	0.0640901642618885	0.0601679853283865	0.107250056635541
"TCGA.D3.A1Q9"	0.0444060255664748	0.00697704307574583	0.0815946684127931	0.104566546865056	0.00349771166530008	1.41135981466309e-07	0.0942668941152357	0.0236775077926864
"TCGA.D3.A1QA"	1.70835638429316e-14	0.0425572061118378	0.0835509083474122	1.70835638429316e-14	0.00614154709500983	0.00211837588127288	0.000647048427504517	0.0671317272862074
"TCGA.D3.A1QB"	0.21785118837984	0.0418964038274909	0.211973293019477	0.064612255761849	1.23445431613504e-14	0.0107299920660266	0.0109811957787257	0.0113604650964749
"TCGA.D3.A2J6"	0.0105813099703983	1.6751069851097e-14	0.119603156973121	0.0361215022900856	1.6751069851097e-14	1.6751069851097e-14	1.6751069851097e-14	0.0316973541628012
"TCGA.D3.A2J7"	0.124125750575051	0.0365901830080601	0.0848734582590413	1.37803197033426e-14	0.0669346975813978	0.0130769511948064	0.0729598842940365	0.138518457147435
"TCGA.D3.A2J8"	0.169852007034552	0.104358636852573	0.179011315686828	8.59992065398361e-15	0.0361169720946839	0.00252396105022382	0.230698937703602	0.0389619205066794
"TCGA.D3.A2J9"	0.394995890813865	0.095337903135482	0.126070373439027	0.000737807778357668	0.0864509657490266	0.035139116557486	0.0190266198182109	0.0163831565602308
"TCGA.D3.A2JA"	0.0478285212912745	0.138639560761813	0.0891812148147314	0.064013401671807	0.0727218166338763	9.0454503462038e-15	0.0898322263558178	0.209093232071134
"TCGA.D3.A2JB"	0.50653081217685	0.0248915809070264	0.0382064139428169	0.0271481601219136	0.0552044645914697	0.0879745721798231	0.0318643905875927	0.0033868708418632
"TCGA.D3.A2JC"	0.0333851864891107	0.0997449059223914	0.170193799296773	0.0352343152459507	0.00899227513586302	0.0580829011673838	0.0714793069874461	0.0673795344282546
"TCGA.D3.A2JD"	0.260897425190775	1.63840501910342e-14	1.63840501910342e-14	0.0119444720296443	0.034245007634518	0.0784423217308123	1.63840501910342e-14	0.00428091018671985
"TCGA.D3.A2JE"	1.30493195047373e-14	1.30493195047373e-14	1.30493195047373e-14	0.124998465203075	1.30493195047373e-14	1.30493195047373e-14	0.0609540069103622	0.00440460960686039
"TCGA.D3.A2JF"	0.131601258951234	0.025208569243509	0.0698999938283901	1.60944213544976e-14	0.081121038249759	0.124619422351737	0.0740230620240387	0.00736651541077865
"TCGA.D3.A2JG"	1.59230841460306e-14	1.59230841460306e-14	1.59230841460306e-14	0.0403383314714629	0.032448781815667	0.0422380388864473	0.0556474616598295	0.109118045064862
"TCGA.D3.A2JH"	0.196411491410947	0.119038472333797	0.234632747033847	0.0580079897680594	0.0547576172509916	0.0323266180696088	0.104629816509725	0.0112711544020029
"TCGA.D3.A2JK"	0.000699642606149529	0.0103811631779391	1.23687818357875e-14	0.0110120125858598	0.0433992122901742	0.0120038088129116	0.00339995383711596	0.0188096554339235
"TCGA.D3.A2JL"	0.115431991930631	0.0274803589762622	0.186012641077637	0.00359858919746857	0.0226621721056368	0.00745456356625593	0.0165722915851622	0.000435098309210079
"TCGA.D3.A2JN"	0.0814038965146791	1.43157778074099e-14	0.0540693062250076	1.43157778074099e-14	0.0261266468729239	0.0721589532797109	0.0256311515986551	0.0976213795711303
"TCGA.D3.A2JO"	0.199040705616937	0.213687537967772	0.184519925798823	0.0317086580553211	1.21478446572911e-14	0.0236266599747133	0.0516458974712389	0.0143572381411534
"TCGA.D3.A2JP"	0.0230094114149645	0.00917136899951436	0.157981683076204	0.0230387800924907	0.127954377110185	1.60262124204349e-14	0.0270051208645314	0.0442106322446055
"TCGA.D3.A3BZ"	0.126714761609177	0.0928094127667221	0.0967223952852513	0.0204262917660635	0.152798263341547	0.0159013924790434	0.0774247895544662	0.160162313528825
"TCGA.D3.A3C6"	1.88597268358926e-14	1.88597268358926e-14	1.88597268358926e-14	0.062592037941417	0.0484895983803191	0.0373992336935555	0.0115529507681714	0.105639954790521
"TCGA.D3.A3C7"	0.00734246523230461	0.106985047142485	0.0753665887950598	8.48923685904362e-15	0.0883128837550254	0.102934143177965	0.044691055756845	0.0374459270800496
"TCGA.D3.A3C8"	0.235250866327088	0.104045467623359	0.135414464309618	0.00543410867378077	0.000939502955247652	0.0358948772022332	0.0279539576951606	0.0850538460806527
"TCGA.D3.A3CB"	0.355065749216663	0.156335582025986	0.131572719677902	0.0253291329848957	0.0561940663205492	0.00679324300334312	0.0548610795060425	0.0253861964552255
"TCGA.D3.A3CC"	0.0125454709123849	0.00863977753378047	7.56981321193019e-15	0.0631046718501902	0.0261494697804252	0.0315816171043641	7.56981321193019e-15	0.0504143194469145
"TCGA.D3.A3CE"	0.260286823909931	0.108297824143772	0.0696622451108208	0.0349554641216795	0.119787348798528	0.0177020465853823	0.0366537879985628	0.0551635083400332
"TCGA.D3.A3CF"	0.406750646301525	0.133337492298024	0.0288798032641246	0.0176036510619034	0.0516369651583518	0.136829046302631	0.0385642450372425	0.0573393390878578
"TCGA.D3.A3ML"	1.34633456175595e-14	1.34633456175595e-14	1.34633456175595e-14	0.00184369878543465	0.0156729977866951	0.00479844733356347	0.0639883807558854	1.34633456175595e-14
"TCGA.D3.A3MO"	0.0131940815982175	1.00223062403535e-14	1.00223062403535e-14	0.0564233487144906	0.0702857079882936	0.00256769036785783	0.129249010025858	0.10634949255181
"TCGA.D3.A3MR"	0.234159974268185	0.0484185778425823	0.131946370397827	0.0217071806045638	0.025433020360603	0.002614911178062	0.0248851185402866	0.0762341903934359
"TCGA.D3.A3MU"	1.71921997503607e-14	0.0381361355380374	0.0150096649312823	0.154209662401998	0.0620488704513893	0.0524819938898551	0.0537028786454212	0.181413682588014
"TCGA.D3.A3MV"	0.00336195588524399	0.0117799582770623	1.50167043134278e-14	0.0664212622657262	0.0687254898398574	1.50167043134278e-14	0.110888172282744	0.0241346058448349
"TCGA.D3.A51E"	0.0567974324342514	0.0653120197382727	0.28289279168664	0.0564814534153401	1.5246250735623e-14	1.5246250735623e-14	0.145826850426271	1.5246250735623e-14
"TCGA.D3.A51F"	0.292802469749261	0.200069340189314	0.15286491707276	0.00584981948879922	0.0230270808614954	0.0160470854802033	0.055286248773091	0.0676337110076538
"TCGA.D3.A51H"	0.453724604808186	0.0223650964266672	0.0288755974478193	8.57985276662869e-15	0.0934842503503863	0.0888210007308152	0.0281680894244703	0.00826927884780432
"TCGA.D3.A51J"	0.227910627694956	0.0853305538639312	0.200578842724779	0.0227645745479389	0.051689190316231	0.0543636871324917	0.00184318940064151	1.37151755547553e-07
"TCGA.D3.A51K"	0.041053100260363	3.17575962366767e-06	1.25823262638556e-14	0.00780794125372444	1.25823262638556e-14	1.25823262638556e-14	1.25823262638556e-14	0.0299624096934112
"TCGA.D3.A51N"	0.0458533897713895	0.15035069770507	0.0870955184394599	0.0243476542867148	0.00941889611372111	0.0488017255109121	0.118375618818651	0.068022255302068
"TCGA.D3.A51R"	8.64911910015985e-15	8.64911910015985e-15	8.64911910015985e-15	0.0653324724570492	0.0218856588802085	0.00574179800402488	0.05546645824791	0.0608001567176357
"TCGA.D3.A51T"	0.0457172878130886	0.0915427480135812	0.0186528212580704	0.000156247500913865	0.0304881631384109	0.0255192292525509	0.198538883904374	0.016201574975618
"TCGA.D3.A5GL"	0.00944264035185315	0.00134030981213428	1.51782861187459e-14	1.51782861187459e-14	1.51782861187459e-14	0.0217398251256199	0.106507503776979	0.0844388829806002
"TCGA.D3.A5GN"	0.0200920052784245	0.00926465626675807	0.123603179779542	0.0604610271137558	0.106896901293845	0.00210222259252254	0.146359216856207	0.160988446004802
"TCGA.D3.A5GO"	1.92911636116399e-14	0.0212056040512682	0.0576670330229269	1.92911636116399e-14	0.0194822340652744	0.0356519562148672	0.22272764768513	0.149092765836537
"TCGA.D3.A5GR"	0.315638949898164	0.0425764211801209	0.0453777190119325	0.0016405942229239	0.166956403067328	0.0653499776768831	0.106836223056652	0.0783940702751685
"TCGA.D3.A5GS"	1.77069906800019e-14	0.0955273833203264	0.0966853159244459	0.0737702155027459	0.100336848007086	1.77069906800019e-14	0.0394079953410939	0.037528475659784
"TCGA.D3.A5GU"	0.0245373608239026	0.01152555099304	0.103938676389483	0.024362634220839	0.119257204867272	2.53627641779807e-11	1.77164191668291e-14	0.0284631388531591
"TCGA.D3.A8GB"	0.223064863223469	0.0145489770193103	0.107259577649723	1.4831380724988e-14	0.143006605471154	0.0340180262161229	0.0275135111958633	0.0714187208714543
"TCGA.D3.A8GC"	0.0144613977347392	0.0438713298714416	0.011644899914281	0.0374098648992402	0.0197583003160032	0.00326099893722917	0.0418344669925625	0.106007986055595
"TCGA.D3.A8GD"	0.33570175325226	0.0592165465567393	0.166565473521973	0.018275611829494	0.0498797377308536	0.0348390116924301	0.040247728280219	1.05172835400824e-14
"TCGA.D3.A8GE"	0.063176505037272	0.0485778169250522	0.0488613190693022	6.80178477984043e-15	0.159861156081138	0.0576714886667978	6.80178477984043e-15	0.150513584539005
"TCGA.D3.A8GI"	0.0106458780308608	0.0269909100833645	0.00466361775479956	1.55372440496238e-14	0.0222993699228201	0.0105557791215038	0.0652172851120756	0.12291142647482
"TCGA.D3.A8GJ"	0.178265593543145	0.107073900320472	0.244817592278843	0.043409367325336	1.39049725886215e-07	0.00117006070274345	0.0242603655899953	0.030166246038819
"TCGA.D3.A8GK"	1.40161403940002e-14	1.40161403940002e-14	1.40161403940002e-14	0.0367441918157141	1.40161403940002e-14	0.00730971142278638	0.0309490626516884	0.0121436806817942
"TCGA.D3.A8GL"	1.24928113183139e-14	0.0243389506750101	1.24928113183139e-14	0.243117806698779	0.0218635595374274	0.00124718571798772	1.24928113183139e-14	0.0167678751440844
"TCGA.D3.A8GM"	0.0750455007279283	0.0403114990086126	0.134852990103792	0.0237399374787204	0.00802900472959095	0.13555225833905	0.0626700841535788	0.0214810704654994
"TCGA.D3.A8GN"	0.129394316734241	0.0186895042541905	0.143691092939159	0.0135950957664349	0.155571162867181	1.41895473261546e-14	0.28530715422219	0.013803314843538
"TCGA.D3.A8GP"	1.57452448395649e-14	1.57452448395649e-14	1.57452448395649e-14	0.0292983228434209	0.0412399618279939	0.0180989783778021	0.0960111612574674	1.57452448395649e-14
"TCGA.D3.A8GQ"	0.0111938796065359	1.33169869175774e-14	0.00184644254964899	0.119109299710955	0.00425848196743358	0.000921750374834385	0.156832607819137	0.0760440685922092
"TCGA.D3.A8GR"	1.31070241008855e-14	0.0131105072692097	1.31070241008855e-14	0.00858377716444751	0.0154784973850611	0.0191078511634805	1.32086795843717e-10	1.31070241008855e-14
"TCGA.D3.A8GS"	0.102133651268717	0.0355606138462618	0.224394467535127	0.00159441409878371	0.10670714446014	0.0205779033505905	1.28371156957582e-14	0.0105106224166623
"TCGA.D3.A8GV"	0.0443130802496808	1.60789961564686e-14	1.60789961564686e-14	0.144425466436328	0.0246158817624286	1.60789961564686e-14	0.0308212526600713	0.035538516609542
"TCGA.D9.A148"	0.051638882278863	0.0157561979174669	0.06772995330137	0.0249697006540777	0.0156235181040013	0.0228769697260231	0.12265857251654	0.0251308930255506
"TCGA.D9.A149"	0.121264308272803	0.0830082251421	0.244780477787804	0.0292471517715904	0.0045992902653033	1.85186101157617e-14	0.0821847298422225	0.0190867533166489
"TCGA.D9.A1JW"	0.189453846326208	0.0587935328037306	0.197121178487257	0.0299861756017147	0.00750573881307503	1.5757314369521e-14	1.5757314369521e-14	0.00514796273834593
"TCGA.D9.A1JX"	0.125673857828219	0.0712544897066982	0.17314741758086	0.0530425563976802	0.0707051864823539	0.00374200821787002	1.46096899460765e-14	1.46096899460765e-14
"TCGA.D9.A1X3"	0.00361301970089433	1.06262218881921e-14	1.06262218881921e-14	1.06262218881921e-14	0.0505690025938724	0.0326113251671661	0.153830241850311	0.0679909503205582
"TCGA.D9.A3Z1"	0.180468570096763	0.059746432150092	0.249165309098563	0.0253291524132126	0.00473002472686669	1.54397442647259e-14	0.0338647701811109	0.0982449004254029
"TCGA.D9.A3Z3"	0.234263486140474	0.020843976376601	0.0623209306761543	0.10082533351748	0.0334249121445346	0.0180462136503395	0.000972871315783857	0.0173391003559156
"TCGA.D9.A4Z6"	0.00859004683728089	1.21087411435878e-14	1.21087411435878e-14	0.0326996686772913	0.0386826533687016	0.00518505227463801	0.0328059646509021	0.0648072154036364
"TCGA.D9.A6EA"	1.41646084709679e-14	1.41646084709679e-14	1.41646084709679e-14	0.136451598045664	0.0201406097814521	0.00788325341117894	0.0344821384993679	1.41646084709679e-14
"TCGA.D9.A6EC"	1.58651939778274e-14	1.58651939778274e-14	1.58651939778274e-14	0.0463783331320315	0.00407333549181876	1.58651939778274e-14	0.0959349511205017	0.0496466200658084
"TCGA.D9.A6EG"	6.290972343601e-07	1.24083179858235e-14	0.0202224734380668	0.187254845134986	0.0273802249825046	0.0355889780839651	0.0124864438770159	0.126773916079479
"TCGA.DA.A1HV"	0.0985312219220795	0.12331131656252	0.0707761121520454	0.0173543352451538	0.0130839281749477	0.021041392470325	0.0385573379537062	9.00925920947532e-15
"TCGA.DA.A1HW"	0.204729623738799	0.0675878663566227	0.163131860580643	0.125943284378802	0.0280443948985883	1.24854501978325e-14	0.00222983704027542	0.0388701852178316
"TCGA.DA.A1HY"	9.49284261762356e-15	9.49284261762356e-15	0.0126128675718798	1.22915868545358e-08	0.0887868567755834	9.49284261762356e-15	0.0910973920585558	0.207735311065939
"TCGA.DA.A1I0"	0.0503238751306211	1.64955442656336e-09	1.59858601917178e-14	0.0135332174134427	0.0305021385202375	0.0327854495018577	0.0388757194992559	0.0319069601415855
"TCGA.DA.A1I1"	0.161804791582305	0.184549922192921	0.117791409112256	0.0202237880024467	0.0832252906159973	0.0673196767959998	0.015439524682908	0.111486425037725
"TCGA.DA.A1I4"	1.25134474827675e-14	0.188775129760154	1.25134474827675e-14	0.153449089604193	0.0943793366696782	0.04280436336204	0.0201099003171356	0.152042367033529
"TCGA.DA.A1I5"	0.106276394345166	0.182910830288884	0.0578866354577007	0.0281198381921932	0.0585184631819442	0.115198297731952	0.116644270342716	0.121954732747518
"TCGA.DA.A1I7"	1.15354166772671e-14	1.15354166772671e-14	0.0396883241248527	0.19978441930601	0.00476793112271686	1.15354166772671e-14	0.0949954306608181	0.258224673881828
"TCGA.DA.A1I8"	5.58590622250196e-07	0.0838536553054672	1.17126625935268e-14	1.17126625935268e-14	0.0976095245123201	1.17126625935268e-14	0.0198867841812315	0.134125207282567
"TCGA.DA.A1IA"	1.17875329058189e-14	1.17875329058189e-14	1.17875329058189e-14	0.0572290662507005	1.17875329058189e-14	0.056621812733757	1.17875329058189e-14	0.00201843873546175
"TCGA.DA.A1IB"	0.295048593978302	0.0708222479508012	0.0289411076481654	0.000448716890584309	6.06663987890521e-15	0.101226610408316	0.0302249473655701	0.0208188655029581
"TCGA.DA.A1IC"	0.00173765189409609	0.00946226871456385	5.98856600987402e-15	0.0603091120312797	0.0312739832919602	0.059372401758504	0.0338483828947517	0.0219407810037172
"TCGA.DA.A3F2"	0.297576643211336	0.188751497528068	0.0335230001038896	0.0437553094759919	0.02943405679888	2.21317786143234e-10	1.03851702515837e-14	0.0837913340915727
"TCGA.DA.A3F3"	1.61131409057328e-14	0.00100801670440969	0.00816333543603151	0.144905342480475	0.0705594375315343	0.024808962636031	0.0609451127086183	0.0356626120927997
"TCGA.DA.A3F5"	1.27677266771316e-14	0.00607800149061395	0.0231229235853047	1.27677266771316e-14	0.0102380286771496	1.27677266771316e-14	0.20226155792763	0.166533736414534
"TCGA.DA.A3F8"	0.272402501310667	0.0929651866662808	0.290295172250895	1.16970605379892e-14	0.0510938149285428	1.16970605379892e-14	0.0233190133197457	0.0326120888742265
"TCGA.DA.A95V"	0.0520860336149203	0.00750747738847194	0.0994417025370769	0.0128954112509915	0.010950947064214	1.69684733748244e-14	1.69684733748244e-14	0.0419614092217816
"TCGA.DA.A95W"	1.79121376213594e-14	0.00251503979121868	0.0105163909327913	0.0101252905265696	0.155013865338512	1.79121376213594e-14	1.79121376213594e-14	0.0327066465231255
"TCGA.DA.A95X"	0.000861927073179337	0.143763262437946	0.0768353594354949	0.0188657136225791	0.0775316249205753	1.5563406827472e-14	0.0825396691913558	0.0957947236352611
"TCGA.DA.A95Y"	0.000343136098235814	1.74685472410229e-14	0.0144600435375049	0.00856283342070664	1.74685472410229e-14	0.00486746254506701	0.00500230126001012	0.003088023129722
"TCGA.DA.A95Z"	1.75479934643271e-14	1.75479934643271e-14	0.00332966617558056	0.121090199153914	0.0108272122613588	1.75479934643271e-14	0.0148761090834937	1.75479934643271e-14
"TCGA.EB.A44Q"	0.13462982355856	0.0781681951406663	0.135465920266901	0.147340577914323	0.0111772758381226	0.0144238087186554	0.0315854333415659	0.0133375028235924
"TCGA.EB.A44R"	0.0406466837737708	1.16665542351428e-14	0.0750520647771844	0.1065541207457	0.0883039122963875	1.16665542351428e-14	1.16665542351428e-14	0.0325303587182516
"TCGA.EB.A5KH"	1.7803912089957e-14	1.7803912089957e-14	1.7803912089957e-14	1.7803912089957e-14	0.01355839958236	0.0159380092662631	0.00307683474492648	0.0385668911971773
"TCGA.EB.A5SG"	0.210060127788335	0.109271249652937	0.289855507059766	0.0137820245638303	1.20337424019966e-14	1.20337424019966e-14	0.0133540072115181	0.0436709070210273
"TCGA.EB.A5SH"	1.14534263658087e-06	0.0145624917123364	1.7478996989993e-14	0.0054181309438049	0.0141205179697563	0.040215418630657	1.7478996989993e-14	0.0485433193320748
"TCGA.EB.A5UL"	0.162261047197153	0.016650528973202	0.139277168931731	0.0302628654254839	1.70987688922204e-14	0.0223205029956839	0.0181177554186418	0.00687787881798838
"TCGA.EB.A5UN"	1.17174654167493e-14	1.17174654167493e-14	1.17174654167493e-14	1.17174654167493e-14	0.0226865372819152	0.0401639461649444	0.351010445455749	0.0426109906607401
"TCGA.EB.A5VV"	0.400268088461775	0.0551888055254175	0.0421340421124909	6.9707925784459e-15	0.138691866248715	0.116585866176392	0.00844661349412176	0.0153737329338597
"TCGA.EB.A6L9"	0.363638345176745	1.12434613126291e-14	0.0143018441390821	0.022830929061226	0.0407261740334435	0.0882307149561333	1.12434613126291e-14	0.0123937308724505
"TCGA.EE.A17X"	1.63918396423041e-14	0.00398533522764805	0.0245308934646672	0.027204753939578	0.000501209631081437	0.00167679369685335	0.0218789486263804	0.0067049568049888
"TCGA.EE.A17Y"	1.02451076239668e-14	1.02451076239668e-14	0.0044940832898901	0.00176341093893429	0.00875166363812571	1.02451076239668e-14	0.21321991048589	0.107403421099968
"TCGA.EE.A17Z"	1.01224436907802e-14	1.01224436907802e-14	1.01224436907802e-14	0.019947941784384	0.0335875720664118	1.01224436907802e-14	1.01224436907802e-14	0.0158863898467097
"TCGA.EE.A180"	1.65859864937504e-14	0.0059243302423409	0.00772894772002384	0.0481127268873946	0.0294096824925637	0.0085940758688667	0.0575562438708679	0.0184027129686616
"TCGA.EE.A181"	0.220525295268021	0.0674798216778587	0.133488943216768	0.045802851364367	0.0257954027312463	0.0040529733380059	0.0449425757639205	0.0262923770449928
"TCGA.EE.A182"	1.19473760565997e-14	0.0201029569170039	0.0121016168957056	0.0598928518733693	1.19473760565997e-14	1.19473760565997e-14	0.0326588453216031	0.00745146250677158
"TCGA.EE.A183"	0.313446717781224	0.022573923709536	1.38220690935671e-14	0.00635574458332749	0.0203575167564345	0.123319887116359	0.00798769908186425	0.00400812549893569
"TCGA.EE.A184"	0.0928963061500776	0.0239681583568342	0.0705590716496171	0.0329188681062728	0.000356670216972929	0.0162080642431059	0.0698710124478978	0.00793657954737241
"TCGA.EE.A185"	1.20389727547709e-14	1.20389727547709e-14	1.20389727547709e-14	9.2546538377457e-05	0.000131711572819042	1.20389727547709e-14	0.0339594546291393	0.00188055005266543
"TCGA.EE.A20B"	0.095938717165399	0.0287218358014362	0.0654634472110404	0.0143501080420999	0.186344332662896	1.85549121820755e-14	0.183113748851126	0.100497932297187
"TCGA.EE.A20C"	1.18367720730966e-14	1.18367720730966e-14	0.0296300869486093	0.0604897512758606	1.18367720730966e-14	0.0210944736085268	0.0142503360713235	0.0139027157760334
"TCGA.EE.A20F"	0.0553424189470196	0.0898758912685944	0.134783573659524	0.00239440132539313	0.0324989173002636	0.0336459816026401	0.108448680473703	0.0170846659072245
"TCGA.EE.A20H"	8.72686310933036e-15	8.72686310933036e-15	0.00377230208473816	0.0371316081775013	0.0177734748132103	0.0139847199892474	0.0310670348060199	0.0196063987275207
"TCGA.EE.A20I"	1.5234794231562e-14	0.0145500560323242	0.030355701096445	0.0633895686209312	1.5234794231562e-14	1.5234794231562e-14	1.5234794231562e-14	0.0944214766059461
"TCGA.EE.A29A"	1.26683529801125e-14	1.26683529801125e-14	0.0106654452612252	0.117034426869719	0.0879922167620812	1.26683529801125e-14	0.0759604939092673	0.174209937220744
"TCGA.EE.A29B"	1.8654440471849e-14	0.107346662009152	1.8654440471849e-14	0.029903168085894	0.00935485127950885	0.0591011039212091	0.0188576317977206	0.0200352072430141
"TCGA.EE.A29C"	0.00667602468995709	1.8873179767251e-14	1.8873179767251e-14	0.0345184780903536	0.176820112807762	0.0223895003667429	0.0673765771960708	0.171984815557992
"TCGA.EE.A29D"	1.46033231297184e-14	0.00243708185037052	1.46033231297184e-14	0.0210104317886454	0.0178145743079417	0.0368874310304431	0.0118818236217746	0.053478416130437
"TCGA.EE.A29E"	1.24909677267666e-14	1.24909677267666e-14	0.0192665517415909	0.0168314649595667	0.0246472418238695	0.00498065745271505	0.154446040742178	0.037893544258114
"TCGA.EE.A29G"	0.00374119993097149	0.0106560894166281	3.02890122459243e-15	0.0207288950025862	0.0070885998844782	0.05028991454659	0.0172052422150076	0.00928005321012062
"TCGA.EE.A29H"	0.113551021434402	0.0035000624072665	0.00760777140519219	0.0448774879676207	0.0376753557157195	0.0154078776444632	0.0637339559095733	0.0122948105160785
"TCGA.EE.A29L"	0.0021252602747683	1.19694360628638e-14	1.19694360628638e-14	0.0196650752939097	9.14578245797055e-05	0.00371514660171715	0.010474405735171	0.0444460184922924
"TCGA.EE.A29M"	0.104827922326777	0.0313673872295522	0.164030682420779	0.0735604818997491	0.0126178249838219	0.0849440976496046	0.0026766462249252	0.0115032653494795
"TCGA.EE.A29N"	0.270431697101075	0.0940059495112799	0.062403021394705	0.00440120289055688	0.0202115434712106	0.066996647896785	0.0960468438818664	0.0359562463583582
"TCGA.EE.A29P"	0.246827332872695	0.168056273106346	0.190827054552706	1.46683708487249e-14	0.0813027795192579	1.46683708487249e-14	0.052961187709626	0.020973432521783
"TCGA.EE.A29Q"	1.35529251318732e-14	0.0185521651424316	1.35529251318732e-14	0.0224325037897986	0.0326013390389193	0.0530562846965596	0.0446871838795883	0.0246241521100407
"TCGA.EE.A29R"	1.14644905933895e-14	1.14644905933895e-14	1.14644905933895e-14	0.144802493058028	0.0662609818082909	1.14644905933895e-14	0.139461563607245	0.0604157497576626
"TCGA.EE.A29S"	0.0206531436443905	0.0624202378236769	0.0190614848618122	0.0225389410542311	0.0975038989012537	0.111153712155523	1.82000496292695e-14	0.176126585136525
"TCGA.EE.A29T"	0.0707535120808273	0.171665483865058	0.0848736033436162	0.0707834795388212	0.128701610748954	1.50895697993063e-14	0.0129262836183299	0.0352099378334693
"TCGA.EE.A29V"	1.21101052664787e-14	1.21101052664787e-14	1.21101052664787e-14	0.0114518441407962	0.0135184704213733	0.019870973683045	0.0851463537942878	0.0144461976013644
"TCGA.EE.A29W"	1.33432703264612e-14	1.33432703264612e-14	0.000142730768732186	0.0433985256234094	0.19494497899217	0.0494724868199303	0.10034732762948	0.200580972405458
"TCGA.EE.A29X"	0.141678479120465	0.131412629571882	0.0508268991265101	0.0857550275911761	0.0245799199485642	0.115959124306963	0.0698043435494992	0.0284701390493074
"TCGA.EE.A2A0"	0.137602823253726	0.116545958234825	0.0489671713295819	0.00351734445024164	0.253968634871066	0.0423962617755006	0.0466459891011845	0.224136776780266
"TCGA.EE.A2A1"	0.358607188843949	0.127996460679765	0.0780294483924194	0.0440387917445693	0.163232827586652	0.0266517715837085	0.00456460116550629	0.0542705965839086
"TCGA.EE.A2A2"	0.134601411148479	0.0439905785147146	0.00432955613205494	0.00923976652397979	0.0119218032028104	0.127604848560143	0.127558636005491	1.8499198423218e-14
"TCGA.EE.A2A5"	0.00024651279376779	1.87402451592538e-14	1.87402451592538e-14	0.0675957334724334	0.183225855481283	0.0193709487691676	0.00694996055296852	0.0415575735024312
"TCGA.EE.A2A6"	0.200742775572401	0.0503466611434329	0.180071833072778	0.0232018698301901	0.0371851369080739	0.0340284153746051	0.112449006708243	3.12059741784394e-09
"TCGA.EE.A2GB"	1.8419137277512e-14	0.00960630946361658	1.8419137277512e-14	0.0759532541793312	0.0647132745753391	0.0972429096170457	0.0829026908312733	0.0353313248075605
"TCGA.EE.A2GC"	0.0976035723893884	0.0891255705377512	0.322202649798773	0.00786235975022848	0.0796899584335029	1.38350367037534e-14	0.0476802059438659	0.0672965810236729
"TCGA.EE.A2GD"	0.00333902854242692	0.155055666435151	1.08130361833927e-14	0.000343739515757103	0.177148360519868	0.0359938031769601	0.213496870664188	0.214651296917451
"TCGA.EE.A2GE"	0.24872018365683	0.193784331626515	0.0935246939332487	0.00647372280822688	0.175274605913558	0.00810535331993227	0.011367321963235	0.102695170663223
"TCGA.EE.A2GH"	0.231630135395456	0.106449621735176	0.15579211871237	0.0152745460365915	0.0748098893280077	1.32418085256463e-14	0.0518886205697691	0.115060908058923
"TCGA.EE.A2GI"	0.116382160351988	0.0119590455023182	0.173248391755747	0.0297927716236879	0.0308710713253538	1.66091394017923e-14	0.0442398584356756	0.00698383040106194
"TCGA.EE.A2GJ"	0.0991266295645281	0.183003191824556	0.136121054940486	0.0277823541145221	0.0725614859243273	0.0205499470753758	0.0345755083625389	0.0353345466627009
"TCGA.EE.A2GK"	0.447894741945078	0.0281892000502686	0.00905520322526261	6.71416872726531e-15	0.0673979964539334	0.108714593971773	0.00767278607598576	0.0512108188795309
"TCGA.EE.A2GL"	0.383943859384057	9.31801238068147e-15	0.0179462003602808	0.00760019150764349	0.0810391047764551	0.136563088447483	0.0233292034081814	0.0382169482115962
"TCGA.EE.A2GM"	1.87606824960148e-14	1.87606824960148e-14	1.87606824960148e-14	0.0745924170262371	0.0657242881192197	0.0148001280008761	1.87606824960148e-14	1.87606824960148e-14
"TCGA.EE.A2GN"	0.040978287306657	1.72516359777774e-14	1.72516359777774e-14	0.113826503391157	0.143835395915712	1.72516359777774e-14	0.000115990225308557	0.114859472998473
"TCGA.EE.A2GO"	1.18250322394824e-14	1.18250322394824e-14	0.0426422068634229	0.0139824663576863	0.0872116809608363	1.18250322394824e-14	0.170106045198814	0.130549312028236
"TCGA.EE.A2GP"	0.0267184817071837	0.20340031492048	1.1236240222794e-14	0.0229583455089661	0.107901760309285	0.0935672018672057	0.104638780690669	0.154440187148747
"TCGA.EE.A2GR"	1.31044651175984e-14	0.00114768476445853	1.31044651175984e-14	3.68784042339037e-14	0.00923650792167552	0.00392771278265882	0.0409515014586746	0.0335958691055545
"TCGA.EE.A2GS"	0.0568512225186374	0.064138965372255	0.015203497491947	0.0534441601583985	0.116396448445975	1.76105252403953e-14	0.0237345131080405	0.0412133142140085
"TCGA.EE.A2GT"	0.380907358217172	0.00546601960391498	1.22542366450591e-14	0.0229740846910655	0.0339212239920266	0.135447013524332	1.22542366450591e-14	0.0614600585839527
"TCGA.EE.A2GU"	0.124814990723343	0.0532847593255528	0.252023029203074	0.0950463451697611	1.22916735935671e-14	0.0251349222855377	1.22916735935671e-14	1.22916735935671e-14
"TCGA.EE.A2M5"	1.08162215926994e-14	0.00768327078330251	0.140593041187133	0.0202285663706197	8.06940881537047e-05	1.08162215926994e-14	0.456475936167049	0.0384437687945956
"TCGA.EE.A2M6"	0.00321365612160655	0.0928995716461297	0.00405812781398252	0.00885933232443451	0.0133586980728837	0.182439522552112	0.193170340962048	0.00277638395675279
"TCGA.EE.A2M7"	0.188737983493728	1.33926433228188e-14	1.33926433228188e-14	1.33926433228188e-14	0.199890669100609	0.0715509949557165	1.33926433228188e-14	0.0899880829398089
"TCGA.EE.A2M8"	0.334152346204469	0.158165589672098	0.111829676834542	1.03850229365871e-14	0.113591942899006	0.0184530281230937	1.03850229365871e-14	0.0662667943216224
"TCGA.EE.A2MC"	0.115186324822383	0.114074722119015	0.224839088767426	0.00944654576280994	0.0350057650994459	9.13213648890382e-15	0.13843550105331	0.0870248559105179
"TCGA.EE.A2MD"	0.0892805193023176	1.68319049622539e-14	1.80706281226862e-08	0.114532704610669	0.00275705289269495	0.0357631855427469	0.117310416318758	0.0198998160537638
"TCGA.EE.A2ME"	0.407351847137619	0.0755346828302755	0.105513776627317	0.0170282314863035	0.118946303651018	0.0699500051669955	0.0106717365112212	0.0590391076215483
"TCGA.EE.A2MF"	0.00178205040036946	0.066009913552048	0.0880818173109366	0.00773319091536786	0.102209032161372	0.00878387457349362	0.0175057949693927	0.0142348136249266
"TCGA.EE.A2MG"	0.438914541644021	0.0447944200020212	0.0156660610780853	0.0103414070517237	0.162723287579056	0.0874530347843364	0.0538007447922145	0.0915297896803927
"TCGA.EE.A2MH"	0.23833142780314	0.0259035140491853	0.0216343777134895	0.033911917075547	0.0164980807412292	0.0850865644383256	0.0346248578294192	0.013973614923721
"TCGA.EE.A2MI"	0.0540898257099531	0.142945839024021	0.0618129904280977	1.35473685615759e-14	0.157995891281118	0.0404598271957439	0.0666665974056237	0.15637991245528
"TCGA.EE.A2MJ"	0.334837746512871	0.0312091977073454	0.220741980898939	0.0424077198406096	0.0606117952648069	0.0209748119406314	1.09853232068557e-14	0.00165558380656471
"TCGA.EE.A2MK"	0.0640466906672269	0.206407463658623	0.174207022674845	1.48692233027149e-14	0.12592677858043	0.00322917099513697	0.0649892913322634	0.0791828594256112
"TCGA.EE.A2ML"	0.147357940993256	0.0290537425894381	0.130551090383035	0.0516759472109346	0.0793681631845813	1.37434315911638e-14	1.37434315911638e-14	0.0138334614191901
"TCGA.EE.A2MM"	1.62936425665378e-14	0.0183057197469673	0.0167946225236057	1.62936425665378e-14	0.169526598048373	1.62936425665378e-14	0.158095147413719	0.0394549416422056
"TCGA.EE.A2MN"	0.136695320724121	0.0993565652684088	0.127485865779201	0.0168181920293354	0.0301059086514711	0.0247364964909479	1.84022734737507e-14	0.00791467826523933
"TCGA.EE.A2MP"	0.0255291710859804	0.104723314200665	0.157604098569907	0.0816576095973817	0.0502483254034879	1.51007055384025e-14	1.51007055384025e-14	1.51007055384025e-14
"TCGA.EE.A2MQ"	0.00366866604731586	0.0423517558275979	0.0157193251538123	0.0961625428446203	0.088827486199159	0.0141111720838652	0.111463663284808	0.150636374519774
"TCGA.EE.A2MR"	0.295269480823362	0.0775810568414125	0.0948376483811824	0.0491002223194938	0.0317499641488406	0.123481144948836	0.0568401812315192	0.0929842033718332
"TCGA.EE.A2MS"	0.0337215406429877	0.0301231824568428	0.0373681018105961	0.0780394964451211	0.131333850034231	0.00608286574661504	0.0401090007892858	0.0348778209867571
"TCGA.EE.A2MT"	0.007151795635955	1.36886724288776e-14	1.36886724288776e-14	0.0677378099870498	0.0128857766827965	0.060370425991184	0.219030393617129	0.00313737503471251
"TCGA.EE.A2MU"	0.141284461455933	0.150408966917433	0.202778044396314	0.0252665217456505	0.00275067989990255	0.00578237956624889	0.126801214720285	0.115200965056153
"TCGA.EE.A3AA"	0.229292330454911	0.0367377466193574	0.0487371931486466	0.0498311672167295	0.0325853921858427	0.0435255885223372	0.0734206946095372	0.0295415462897679
"TCGA.EE.A3AB"	0.0297228388618085	0.176000054012363	0.0171042874085612	0.111450819347942	0.0302579927071762	0.0512182946757361	0.269723613961187	0.0760649515680929
"TCGA.EE.A3AC"	0.123606827557904	0.0916886408790539	0.110638829643099	0.0857414088666282	1.63481821156627e-14	0.0186454424505603	0.0894700852049901	0.00455316684309843
"TCGA.EE.A3AD"	1.00902363138133e-14	1.00902363138133e-14	1.00902363138133e-14	0.109378812358822	0.0280079562413694	1.00902363138133e-14	0.0517903224929953	0.0327130125020952
"TCGA.EE.A3AE"	0.0878898241298216	0.0892225159489803	0.174152708431151	0.0381408996884327	0.0657076998077775	1.68340483611096e-14	0.0232562688063858	0.0425421144123817
"TCGA.EE.A3AF"	0.00742355559151112	0.182883414783028	0.0161777374417622	0.0124398215824282	0.0365793435343011	0.0202564200736974	0.116896823216667	0.0648394505586307
"TCGA.EE.A3AG"	1.09259688985471e-14	0.00984092798727133	0.00400998364157687	0.0219418256111513	0.0147401642958747	1.09259688985471e-14	0.118061447411328	0.0673488994422471
"TCGA.EE.A3AH"	0.0214807263206691	0.0373167088630382	1.47657169842012e-14	0.0532961846968161	0.174928854551457	0.0196734406103971	1.76883631256984e-05	0.0811187360346275
"TCGA.EE.A3J3"	0.038261906355041	0.056974838020378	0.012977806132949	0.126014447986605	0.125359388374814	0.033963069630862	0.0315658920511082	0.253848299292154
"TCGA.EE.A3J4"	2.30721700113574e-14	2.30721700113574e-14	0.0339762251757001	0.0143547652356886	0.0846039819458824	0.0376565626481761	0.0760700265736184	0.0171744836350411
"TCGA.EE.A3J5"	0.0679922496989307	0.0574103588426326	0.218609025725314	2.1587433814394e-14	0.0812726534807641	0.0718941557842725	0.050097955966397	0.0415431313045521
"TCGA.EE.A3J7"	1.74940043576211e-14	1.74940043576211e-14	0.0136267744789343	0.0909791455871333	0.0717310233499908	1.74940043576211e-14	0.0276516804733645	1.74940043576211e-14
"TCGA.EE.A3J8"	1.05896928078323e-14	8.40114548804839e-05	1.05896928078323e-14	0.0833619784791998	0.0651053103482636	1.05896928078323e-14	0.162948537707748	0.0153664656467867
"TCGA.EE.A3JA"	0.0734560166685743	0.0647368287653502	0.0584381888473089	0.0443519061176922	0.0666098724109135	0.0163394988839724	0.0384034708110766	0.0762069875241309
"TCGA.EE.A3JB"	0.00583857487337374	0.239939135503556	0.015858645432308	0.00845502851610237	0.0509559585085147	0.056356079537841	0.293315292267217	0.155694114654709
"TCGA.EE.A3JD"	0.283265221848143	0.0973812232241004	0.053466186018578	8.35599274819366e-15	0.11700884750897	0.0764197313549572	0.0874609779934367	0.0391669920363155
"TCGA.EE.A3JE"	0.246784456133414	0.119347214038648	0.136448469443665	1.03495804600374e-14	0.133504724309041	0.0394792010515946	0.0288803741082398	0.201248336444421
"TCGA.EE.A3JH"	0.405524607828675	0.152341589552826	0.076707114723752	0.00988679047738382	0.0411298015276075	0.0490518238560495	0.0382579167734248	0.0248596455564665
"TCGA.EE.A3JI"	0.0305865242863463	0.0244901240329336	1.60857202325463e-14	0.00991901860794622	0.0989629254903264	0.00203163814555703	1.60857202325463e-14	0.0256933296629428
"TCGA.ER.A193"	0.136850384114346	0.0376808680325448	0.152401151403389	0.109569598524327	0.0982578674503594	0.0323357461838154	0.0292919863433321	0.131518128916125
"TCGA.ER.A195"	0.189161552558698	0.110843425739252	0.0719396612843137	0.0650496569058628	0.107171943417302	0.0620732198602628	0.000349732961407456	0.262819782143654
"TCGA.ER.A197"	0.0478791035125814	0.10209696311203	0.14213123704691	0.165134669648963	0.00416174195326205	0.00183260677515487	0.103814289915002	0.0279116955308477
"TCGA.ER.A198"	0.00896377563223997	0.114080698210023	0.169419041236009	0.0623596898993337	0.044353905711863	1.90786156034703e-14	3.18110176459236e-07	1.90786156034703e-14
"TCGA.ER.A199"	0.373709213931692	0.10386744863145	0.0625035899265024	1.42979226093807e-14	0.0230223097293255	0.0672498897408169	0.0112666948321394	0.0402631838535867
"TCGA.ER.A19A"	0.116065731087702	0.0953329984572491	0.0492362911808868	0.00783151454900043	0.0429195006591971	0.0383649178833084	0.0286130853581513	0.0586894495164489
"TCGA.ER.A19B"	0.009242719275949	9.79594938890622e-15	0.018290168586581	0.052074637553796	0.0220494964276446	0.000409577015953435	0.077755014902933	0.096960783030952
"TCGA.ER.A19C"	1.31836779684962e-14	0.0147057279798971	0.00903409660424284	0.070456404438633	0.0160083933339608	0.00773358701247738	0.0344324207156225	0.054962955430003
"TCGA.ER.A19D"	0.115338331657023	0.0809591052256727	0.0103679924040975	0.1957504945086	0.229162139792442	0.0142280463728298	0.0355569997348095	0.170116328619859
"TCGA.ER.A19E"	0.00755059640482193	0.010347188642196	0.00150938830121269	0.078161947289534	0.0572488914622039	0.0176393764604433	0.0300066349197063	0.072625526922021
"TCGA.ER.A19F"	2.06256427113495e-14	0.000419470146490436	2.06256427113495e-14	0.0238080832218459	0.0471886181137413	0.00785608230949206	0.135452101941482	0.0454854642775175
"TCGA.ER.A19G"	0.159880637173862	0.165549808276607	0.194490024509082	0.047837011853612	0.0163893708035982	0.0266875035267333	0.0608365548579364	0.02509887937513
"TCGA.ER.A19H"	0.205309790233943	0.0327169348797553	0.0734297933620588	0.0627924893950534	0.173601478171525	0.0252989417086827	0.100668931465342	0.0632624466112988
"TCGA.ER.A19J"	1.39776700204357e-14	0.0353739729124197	1.39776700204357e-14	0.0629301264105797	0.0992681447719	0.00356070563492349	0.0413149553835868	0.172261542826093
"TCGA.ER.A19L"	1.2165197186705e-14	1.2165197186705e-14	0.00355628810019707	0.0311266452145303	0.166840920078149	1.2165197186705e-14	0.039016498105814	0.0507126757467781
"TCGA.ER.A19M"	0.05204590273946	0.118193653026294	0.307739049687006	0.0352760095240964	0.0372286793750066	1.58165846997052e-14	0.0618642037493355	0.137748866612586
"TCGA.ER.A19N"	0.181809470865456	0.241504394591229	0.0323671847002608	0.0257897605507031	1.04789652135913e-14	0.054968856468609	0.0655256086279084	0.0803091186920549
"TCGA.ER.A19P"	0.347476160266909	0.114491665479842	0.084991755387416	8.2998923881192e-15	0.0714671154225097	0.0846887330192531	0.00278685597122174	0.0234791041623452
"TCGA.ER.A19Q"	0.115538626869071	0.218691214260965	0.085425635587196	0.0728171808234899	0.00173907477832966	0.0709928596549124	0.0794553030766183	0.105919238649518
"TCGA.ER.A19S"	0.250898488784903	0.0983396437191916	0.281300770566323	0.0207271830320724	0.00586922095423622	1.14354870299121e-14	0.0408079318924055	0.000920055399736322
"TCGA.ER.A19T"	1.43761722476915e-14	0.040186790604328	0.0308799768753476	0.0944852776628698	0.0597943181388166	1.43761722476915e-14	1.43761722476915e-14	0.0487946024761978
"TCGA.ER.A19W"	0.350054439655335	0.165171955418985	0.225833383827075	1.15103987650066e-14	0.0261915663290843	0.0223613773452334	0.0238129615410841	0.0239383139455258
"TCGA.ER.A1A1"	0.502784132881365	0.0712651077041944	0.0681206697011459	7.82305692098545e-15	0.0638056827095964	0.0439022270964487	0.00446972100285668	0.0172016454799395
"TCGA.ER.A2NC"	0.0171026169482805	0.207383952707789	0.0152353275064414	0.0136706381919133	0.216193468510041	1.07418119432755e-14	0.0131433680651262	0.151043743899968
"TCGA.ER.A2ND"	1.41660667981897e-14	1.41660667981897e-14	0.00985307937558931	0.00571826217735132	0.0155709661825634	0.00319636728996849	0.0613742255551683	0.0163418364949811
"TCGA.ER.A2NE"	0.0153875264383252	0.0354974404384046	3.11877797081434e-05	0.0126817408189504	0.0159455907492177	0.0302088100235645	0.0167283135928961	1.4471674635498e-14
"TCGA.ER.A2NF"	0.096501844402755	1.54643640673219e-14	0.0251387768054248	0.211100117620652	0.048422083791653	1.54643640673219e-14	1.54643640673219e-14	1.54643640673219e-14
"TCGA.ER.A2NG"	0.166917422999518	0.131594120970186	0.239628722087577	1.09202682218967e-14	1.09202682218967e-14	1.09202682218967e-14	0.0408946048821716	0.0907468176937059
"TCGA.ER.A2NH"	0.226553884235241	0.123371689670475	0.179422710903001	0.0456437099968628	0.0220863876732953	9.58361343025179e-15	0.01617876608824	0.0424196079454487
"TCGA.ER.A3ES"	0.0298910219670177	1.13210060828383e-14	1.13210060828383e-14	0.143457994630623	0.0162909384409629	1.13210060828383e-14	1.13210060828383e-14	0.00206772744606647
"TCGA.ER.A3ET"	0.0277188632581022	0.183302918557631	3.02051402777168e-07	0.188917393521667	0.0327441383579171	0.0766040251785359	0.0868311099901134	0.142504678881635
"TCGA.ER.A3EV"	9.24466937792146e-15	0.00439833419644091	0.0111191855817157	0.0624417319685965	0.0122909624739481	0.00607524294204496	0.00568073443663899	0.0747484986834915
"TCGA.ER.A3PL"	1.25085660898933e-14	0.0554114908518112	1.25085660898933e-14	0.0186479074664604	0.0650571326228891	1.25085660898933e-14	1.25085660898933e-14	0.0921783334355333
"TCGA.ER.A42K"	1.3415036998008e-14	1.3415036998008e-14	1.3415036998008e-14	1.3415036998008e-14	0.105235552954585	0.06004318973445	0.150968171697715	0.145319084560545
"TCGA.ER.A42L"	0.175793678303573	0.21496150417509	0.112710177404438	1.14248368533514e-14	0.105199657838394	0.0309416067410229	0.0161962429787886	0.0569643000592546
"TCGA.FR.A3YN"	0.0199009571176297	0.0193228179295091	0.159083708018046	2.04695932050422e-14	0.0647680691584823	0.0235852160156457	0.0469232645418897	0.00270046230505848
"TCGA.FR.A44A"	0.169375859155	0.197229685358238	0.321458590989814	0.0107904451274274	0.011455877912051	1.22974888156941e-14	0.0381496358529359	0.0502233064172346
"TCGA.FR.A69P"	1.74645176615032e-14	1.74645176615032e-14	1.74645176615032e-14	0.0441887372375848	0.193107218247268	0.0469073199676056	0.110535832145443	0.126792126163297
"TCGA.FR.A729"	0.250454587796163	0.12121196677632	0.133520570258759	0.0773872146171017	0.0519731993489993	0.0157719137875836	0.0500345838189	0.0161999691806917
"TCGA.FR.A7U8"	1.45372332014308e-14	1.45372332014308e-14	1.45372332014308e-14	0.077492104748188	0.0083614721923692	1.45372332014308e-14	0.005932548621687	0.0069498662920769
"TCGA.FR.A7U9"	0.0594631222168892	0.172095323966557	0.0782848648833823	0.103019768292092	0.0385236993299491	0.0236953256617908	0.131121489146511	0.13060801516173
"TCGA.FR.A7UA"	0.29064190590328	0.16354861318915	0.263508327648819	0.0114873042653667	9.28385113193296e-15	9.28385113193296e-15	0.019448167584673	0.0529722784208819
"TCGA.FR.A8YC"	0.0224691038052495	1.85711955555223e-14	0.0511257126104879	0.0464246733041636	0.0898685818850136	1.85711955555223e-14	0.0448197475933124	1.85711955555223e-14
"TCGA.FR.A8YD"	8.9937785979647e-15	0.00103450221192852	8.9937785979647e-15	0.081200502762973	0.0252899813684781	0.00148469952380298	0.0023309047472034	0.0112442602471185
"TCGA.FR.A8YE"	0.340854778076044	0.107695616360802	0.0098331734019232	7.75728773208348e-15	0.108863360637682	0.13318135052903	0.0288968691326296	0.0401259584043807
"TCGA.FS.A1YW"	0.00303967866211378	0.00695664425595433	2.00645861894292e-14	0.0607189397505546	0.0772578506941991	0.0488844442886347	0.0506153701092534	0.019554544843345
"TCGA.FS.A1YX"	0.00014757547245132	0.0627827098566919	2.04329523442429e-14	0.0315371401947283	0.160891131052074	0.0207399693162855	0.161197900253268	0.11566718582532
"TCGA.FS.A1YY"	1.57769364425526e-14	0.00676576062234404	1.57769364425526e-14	0.0730575218205124	0.010364498031848	0.0281979165744282	0.090423962816696	0.164266658775632
"TCGA.FS.A1Z0"	0.182747242666443	0.109792338834482	0.163197187454758	0.0566954225189149	0.0959968101565025	0.00802711506942458	0.0245585908769622	0.0506691887710401
"TCGA.FS.A1Z3"	1.59481126746523e-14	0.0658164773062469	1.59481126746523e-14	0.112570453117307	0.0351606676317206	0.0417381217541751	0.0345768593568892	0.0201369589927118
"TCGA.FS.A1Z4"	0.400480505481203	0.0436077378371106	0.110259496531388	9.91075412183672e-15	0.0644996889337086	0.0118614948334322	0.160638063549255	0.0531556851028677
"TCGA.FS.A1Z7"	1.59690393578697e-14	0.118001184584646	0.0010582391273136	0.0165912131466071	0.405175429673101	1.59690393578697e-14	1.59690393578697e-14	0.254169934241364
"TCGA.FS.A1ZA"	0.0230839825774567	0.00679142079015905	0.0443049849656498	0.122791742509039	0.0333533105975055	1.47700966773397e-14	0.0129857855163915	0.0481957739163129
"TCGA.FS.A1ZB"	0.00117043735829634	0.0723429564022049	4.38628396117667e-15	0.0156250941072688	0.0261638106661863	0.0601067654350438	0.0235841793568688	0.0338123390776836
"TCGA.FS.A1ZC"	1.17287145433413e-14	0.0110575110661937	1.17287145433413e-14	0.0627141785262057	0.020206982143239	0.00348177755809352	0.109270982605371	0.0743173063357421
"TCGA.FS.A1ZD"	0.0196601945968549	0.00569871814206584	0.00630875460856898	0.0849996609406095	0.125685671159371	0.0207320780382837	0.0330798281488837	0.208125811883986
"TCGA.FS.A1ZE"	1.45703280744923e-14	1.45703280744923e-14	1.45703280744923e-14	0.0415501960020773	0.0144015215803685	0.0167707795090984	0.184145883169981	0.0412063186283279
"TCGA.FS.A1ZF"	1.47046978628681e-14	0.0230539060619759	1.47046978628681e-14	0.165237293331184	0.0899994900218963	0.00541385607882614	1.47046978628681e-14	0.0882669635423641
"TCGA.FS.A1ZG"	1.67395493344323e-14	1.67395493344323e-14	0.00244141680973442	0.0794095527879376	0.0379399319491846	0.00550174815433216	1.67395493344323e-14	0.0749714327194149
"TCGA.FS.A1ZH"	0.199662916659263	0.114482595803995	0.0597852148662266	0.0531073979332909	0.0975961283298064	0.0204077665765417	0.0909332162189007	0.181347308101418
"TCGA.FS.A1ZJ"	0.0031844838582045	1.67209054816126e-14	0.00793103739423179	0.0928899850287721	0.0565263428274603	0.000128953011320361	1.67209054816126e-14	0.00399839105126922
"TCGA.FS.A1ZK"	1.1096358749874e-14	1.1096358749874e-14	1.1096358749874e-14	0.15672576385126	0.00668692489017476	0.00258878828162912	1.1096358749874e-14	0.0287254259182563
"TCGA.FS.A1ZM"	0.0887118945507888	0.112608060769531	0.0874541461088329	0.0237336608449304	0.0897404207595007	0.00498538539670159	0.0273867666411661	0.129025828405417
"TCGA.FS.A1ZP"	0.0578688040219693	0.0470555882976558	0.0107139344680982	0.0807706771519819	0.239762091848296	0.105425400993632	1.93315914529878e-14	0.0293502997777061
"TCGA.FS.A1ZQ"	0.022424084216174	1.48091065610013e-14	1.48091065610013e-14	0.0086719762033175	0.0245272540401225	0.0383134043535359	0.0406758515274338	1.48091065610013e-14
"TCGA.FS.A1ZR"	0.000199109052598008	0.00323835123959151	0.00569691723677486	0.0494747432300364	0.102951281833028	0.0455858697160201	0.0603504949356561	0.0538879585900947
"TCGA.FS.A1ZS"	0.00557334673858442	0.0124145796201985	0.00634296309508138	1.2296080293862e-14	0.0484379700430093	1.2296080293862e-14	0.201050226191642	0.267006242645943
"TCGA.FS.A1ZT"	0.295140576326753	0.0609835378578708	0.113441505339724	0.0636719755293677	0.0365730171920896	0.0125146454443589	0.0224876719818467	0.0203000104234167
"TCGA.FS.A1ZU"	1.27732123240515e-14	1.27732123240515e-14	1.27732123240515e-14	0.0961099074987569	0.0854014826305823	1.27732123240515e-14	0.00448938370422889	1.27732123240515e-14
"TCGA.FS.A1ZW"	0.195765364330305	0.0607338166045023	0.203234425710982	0.0530141743611317	0.0396516230069592	1.40357521188641e-14	0.0501137443506596	0.0152130703829755
"TCGA.FS.A1ZY"	1.46740685499041e-14	1.46740685499041e-14	1.46740685499041e-14	0.00881394231676561	0.0364903694719586	0.00414152117606136	1.46740685499041e-14	0.0568645724009048
"TCGA.FS.A1ZZ"	1.10154351409171e-14	1.10154351409171e-14	1.10154351409171e-14	0.0376318794154674	0.0389441129605951	1.10154351409171e-14	1.10154351409171e-14	0.00534909187854018
"TCGA.FS.A4F0"	7.64578330992451e-08	0.0172479594294435	0.0131678238745964	1.29850459896708e-14	0.0310174369544309	1.29850459896708e-14	1.29850459896708e-14	0.0425903097372059
"TCGA.FS.A4F2"	1.35687253614925e-14	0.12971638918822	1.35687253614925e-14	0.178382893547834	0.0029837132547527	0.00394933506750399	0.150522126091712	0.0374932022718255
"TCGA.FS.A4F4"	6.89072313911053e-06	0.0279640742141888	0.0252850351555025	0.000371892110029893	0.00593627258359554	1.68871360867972e-14	0.00168112020139481	0.157165682654096
"TCGA.FS.A4F5"	1.67003554692083e-14	1.67003554692083e-14	1.67003554692083e-14	0.0617608692024275	0.0451063173517221	0.00202270193337067	0.153681238322485	0.06135810065679
"TCGA.FS.A4F8"	0.43434814998239	0.0212599750550217	0.0198792183446685	1.12734669783047e-14	0.218248094777528	0.0604135763478102	0.0287988172559511	0.0897854164831601
"TCGA.FS.A4F9"	0.0233379254653158	1.58188350328151e-14	3.64081295375892e-12	0.0685083804999593	0.00807277009748366	1.58188350328151e-14	0.025682684355336	0.0285030201535742
"TCGA.FS.A4FB"	0.0025343641358287	1.37249190693119e-14	1.37249190693119e-14	0.0940523536431098	0.0602790018753958	1.37249190693119e-14	0.0211989851781338	0.0573798318339583
"TCGA.FS.A4FC"	5.89443516951453e-15	0.00169022778130489	5.89443516951453e-15	0.0234628293414814	0.0162861293817328	0.0512389405577074	0.0359762952630259	0.050947671567728
"TCGA.FS.A4FD"	0.00566959678409358	0.00590274508120738	1.88085161849875e-14	0.116487083489724	0.0438941318626398	1.88085161849875e-14	1.88085161849875e-14	0.0385499871440035
"TCGA.FW.A3I3"	7.66498121107536e-15	7.66498121107536e-15	7.66498121107536e-15	0.0994468711620476	0.0243824889373634	0.0170952623524445	0.145663004013598	0.00500298006909619
"TCGA.FW.A3R5"	0.048462977930087	0.0329859442151038	0.0132870045936497	0.0297690132758051	0.0140757665949078	0.0777181382084928	0.182133840230323	0.153923220466669
"TCGA.FW.A3TU"	0.00124073424829609	0.00823571253033118	0.00736507461742643	0.00298210882111113	8.33740627043656e-15	0.0138465774449484	8.33740627043656e-15	8.33740627043656e-15
"TCGA.FW.A3TV"	0.0658930791456326	0.0137750736392797	0.0347985135673371	0.0247511249940096	0.18169849236393	1.8444476503172e-14	0.016307195268999	0.024493444569967
"TCGA.FW.A5DY"	0.452122072023763	0.0205958516578368	0.0255134079154392	1.07607687485007e-14	0.0659050115758185	0.0632580508340335	0.0339798906367082	0.0267098450357617
"TCGA.GF.A3OT"	8.84929799235017e-15	0.0272958263767904	0.0973629028046907	0.0120304053352858	8.84929799235017e-15	8.84929799235017e-15	0.286659843419976	0.152139356476642
"TCGA.GF.A4EO"	0.412681498795619	0.102395435101799	0.164402444081608	1.20220822052212e-14	0.042971269794587	0.0220484428910594	0.0718804386267748	0.000962946138755924
"TCGA.GF.A6C8"	0.0707527693430343	0.00154954404841503	0.101221672699381	0.0838135738643919	0.0519582072564441	1.93181040556399e-14	0.0731929384081908	0.0151213145881903
"TCGA.GF.A6C9"	0.253503208656624	0.137147034085779	0.0537982539186126	0.0121091839415476	0.00828170194582514	0.10719775948532	0.0293240384005593	0.0901174186268256
"TCGA.GN.A262"	0.00899391522987114	8.01752738198652e-05	9.28589503292395e-15	0.0139161928587043	0.00983858394143216	0.00876671955243396	9.28589503292395e-15	0.002267756988303
"TCGA.GN.A264"	1.20442045150966e-14	0.0464534598218807	1.20442045150966e-14	0.0481598639258962	0.033402535299908	0.00660923504288628	0.0913110864327995	0.144478579546655
"TCGA.GN.A265"	0.241945204904518	0.173000176581288	0.0762280018176711	0.00704125559638143	0.052236971935116	0.0102948972434583	0.179936600846093	0.15052469225653
"TCGA.GN.A266"	0.100547642040418	0.181448300425915	0.123579447853133	0.0283337298954076	0.0690959078516848	0.0249105023769198	0.0926739487871259	0.211594011207788
"TCGA.GN.A267"	0.0013512257686589	0.00259341687698102	0.0213361004896544	0.0210813386167767	0.00460797475680071	2.15805905551442e-14	2.15805905551442e-14	0.0206973193370386
"TCGA.GN.A268"	1.49614356562438e-14	1.49614356562438e-14	0.0187010492968521	0.0329724102002569	0.0106221777186722	0.0018005183153702	0.0214422544173174	0.0319397063817937
"TCGA.GN.A26A"	0.00324177561744783	0.0929468213964053	0.156022325575018	0.00554618938721401	0.0228202628107067	0.0492286226346276	0.188184463542087	0.122042484376385
"TCGA.GN.A26D"	1.40938755382483e-14	0.00208764990311631	1.40938755382483e-14	0.0335843657665648	0.045256372156357	1.40938755382483e-14	0.0806838039904894	0.0132925405338347
"TCGA.GN.A4U3"	1.44706498596482e-14	0.0128506808642981	1.44706498596482e-14	0.0328692855885928	0.0354767330258738	0.0408405615985304	0.10285938056669	0.0194867300511565
"TCGA.GN.A4U4"	1.82143030962258e-14	0.00822825375627817	1.82143030962258e-14	0.019192450104283	0.0837136033606367	0.00581354270191968	1.82143030962258e-14	0.0162690894386849
"TCGA.GN.A4U7"	1.29545925373146e-14	1.29545925373146e-14	0.000213717423681649	0.0178729367909745	0.00518935001736347	0.0137283768911565	1.29545925373146e-14	1.29545925373146e-14
"TCGA.GN.A4U8"	0.232788433996097	0.086059042294557	0.163450273315942	0.0518028343399718	0.0363100194962887	0.0699314605731284	0.0308881037839008	1.67955134246523e-14
"TCGA.GN.A4U9"	0.00128221753749623	0.0250078548655946	1.30685214827005e-14	0.029320523161884	1.30685214827005e-14	0.00842738334823331	0.0498235176822988	0.106010290174591
"TCGA.GN.A8LK"	1.1808399689219e-14	1.1808399689219e-14	1.1808399689219e-14	0.029601105452396	1.1808399689219e-14	1.1808399689219e-14	1.1808399689219e-14	8.27414281141649e-06
"TCGA.GN.A8LL"	9.25208268808334e-15	9.25208268808334e-15	9.25208268808334e-15	0.0744731930599892	0.023733285643142	9.25208268808334e-15	9.25208268808334e-15	0.00605075710842654
"TCGA.GN.A9SD"	0.350521062306984	3.37106701648662e-10	0.00682067878339089	0.0381617593946659	0.209998772040129	0.139303399654021	0.0607012255173771	0.0152423312796957
"TCGA.HR.A2OG"	0.122627702918966	0.149193623038302	0.0798075511260884	0.00864453577046599	0.042684325593201	2.2160493367508e-13	0.136464681158527	0.286108940172404
"TCGA.HR.A2OH"	0.257263798631402	0.121950036986197	0.267953431068197	0.0183027849535571	0.0389636916495322	0.00877102367175733	1.02435854758344e-14	0.0100798951458279
"TCGA.LH.A9QB"	1.3448074613158e-14	1.3448074613158e-14	0.000377922145668505	0.0192780818494196	0.156267179763575	0.0139933684325124	0.0422720355319771	0.0201629982116221
"TCGA.OD.A75X"	0.000226337202839271	0.016950677184307	0.0055588805135066	0.0350096623225048	0.0241859112424503	1.12512088955415e-14	0.110855658648809	0.0159723407824209
"TCGA.QB.A6FS"	0.113526783909396	0.0403574544195165	0.0446998487698605	0.0902213136995323	1.58165520452382e-14	0.0452136849477709	0.00859347457292327	0.00462819531346779
"TCGA.QB.AA9O"	0.0336202720602436	0.0330328635711545	0.143586508580116	0.0585695945270858	0.0134351030479884	0.00849343285626278	0.0701096749258202	0.00160195301363133
"TCGA.RP.A690"	0.0123389821150002	0.0118959564684016	1.49150032330271e-14	0.0919659293891284	0.107033483839702	1.49150032330271e-14	0.0514130497669358	1.49150032330271e-14
"TCGA.RP.A693"	0.103141092447612	0.16049683652954	0.13007016878185	0.0171753492321893	0.0981411266718655	1.63164102978864e-14	0.045709154407816	0.0894626398170806
"TCGA.RP.A694"	1.86053354477411e-14	0.0111656292666735	0.0375538975136175	0.0277116725085545	0.303257212520796	1.86053354477411e-14	1.86053354477411e-14	0.0125264848255215
"TCGA.W3.A824"	0.0174593877956448	0.030477248550996	0.298281829825538	1.91450468224545e-14	0.0208684435252309	1.91450468224545e-14	1.91450468224545e-14	1.91450468224545e-14
"TCGA.W3.A825"	0.0797293050994427	0.0616057596801185	0.031183610536579	0.0282143600524823	0.0950023046723175	0.0151725607757084	0.136366997938368	0.0445860009653716
"TCGA.W3.A828"	0.0145785289203868	0.0235216877426679	4.54185793867883e-15	0.0125976820143212	0.146228741199703	0.0267100368766829	0.031158707275151	0.0956435876456834
"TCGA.W3.AA1O"	1.62220876627217e-14	1.62220876627217e-14	1.62220876627217e-14	0.0578833567914039	0.0252899195508472	0.0758260203690405	0.0826822943424955	0.0412733365481594
"TCGA.W3.AA1Q"	0.0186234545412198	2.07314818113604e-14	0.0472735866493596	0.00545427612240506	0.0274099094977968	0.0554460791983717	2.07314818113604e-14	0.0502397921792373
"TCGA.W3.AA1R"	1.85689107220684e-14	1.85689107220684e-14	0.0394443881399075	0.030055586531268	0.0063194465857931	0.0308831752556308	0.138268128357644	0.00136628957230147
"TCGA.W3.AA1V"	8.89762986895317e-15	0.155766317123835	0.112982271855717	0.202081945640715	0.0064408460230946	8.89762986895317e-15	0.0806694788325696	0.146769271256376
"TCGA.W3.AA1W"	0.256432195988288	0.145689415946263	0.260653893319242	0.0218158937304998	1.07448505692842e-14	0.0496015720429608	0.0168981154691581	0.00643488227679864
"TCGA.W3.AA21"	1.61504907138891e-14	1.61504907138891e-14	1.61504907138891e-14	0.00334566370121118	0.0225392738902237	0.0254525567447245	0.042991874411724	1.61504907138891e-14
"TCGA.WE.A8JZ"	1.89992066729537e-14	1.89992066729537e-14	1.89992066729537e-14	0.0604887135440113	0.0340093713979756	0.0422235775762103	1.89992066729537e-14	0.0871457328201273
"TCGA.WE.A8K1"	0.208385749923415	0.0721984378895989	0.158009531077395	0.0286563315818963	0.029006167563551	0.0332661826192148	1.68425327082283e-14	0.0167850098018855
"TCGA.WE.A8K5"	2.16452250431769e-14	0.00546078925028118	0.0420522034937219	0.0367357109221965	0.0784912672911327	0.0373650212270094	0.0211160787838056	0.155164487267826
"TCGA.WE.A8K6"	1.58974513866236e-14	0.00153321106721919	1.58974513866236e-14	0.0166500148789627	0.061770625523061	1.58974513866236e-14	0.10431730531008	0.0589188096947385
"TCGA.WE.A8ZM"	0.00420550730571716	1.07983886855178e-14	1.29581570936737e-08	0.0720023456593285	0.130112960437366	0.00633367883394703	0.016637642706534	0.0222232255810481
"TCGA.WE.A8ZN"	0.0102023042915499	0.0232802657796091	0.0663435127042026	0.0187319311121219	0.0185275675239015	0.0213323829469831	1.84408481231043e-14	0.0335048922437488
"TCGA.WE.A8ZO"	0.0249103021312387	0.0924488526486915	0.213422773152372	0.0889317409689054	0.0956241406889336	1.50425856691062e-14	1.37172209270604e-06	0.0277664335312839
"TCGA.WE.A8ZQ"	0.00800535139715598	1.28381670047467e-14	1.28381670047467e-14	0.0905194132703364	0.183078151369713	1.28381670047467e-14	0.00649622157595033	0.0284261451389589
"TCGA.WE.A8ZR"	0.0328723770485833	0.0108327888401272	1.53983641640159e-14	0.0436589011405016	1.53983641640159e-14	0.00667362610705036	0.0330564073058557	0.0405352358395147
"TCGA.WE.A8ZT"	0.00737710830424113	1.784875084564e-14	0.0139522712250216	0.0105759601997478	0.125615296083532	0.000106826750652992	1.784875084564e-14	0.0317538104100472
"TCGA.WE.A8ZX"	0.0711231858327049	0.0311640320174786	0.207304768152559	0.0398762232302191	0.0403629991159597	0.0111075969342309	0.013016756647403	1.64782665336337e-14
"TCGA.WE.A8ZY"	0.0264944341220141	0.0137351824730014	2.82510023875043e-08	0.0757339472451918	0.0301930499648407	1.59303901177693e-14	0.135890662316558	0.065123963608148
"TCGA.WE.AA9Y"	0.0635092332474959	0.0319525415075161	1.55074914906466e-14	0.0285923803225847	0.18386702414512	0.0404273436125379	0.0466960014366864	0.177174410096879
"TCGA.WE.AAA0"	0.0706976687023537	0.0248066572214674	1.76837280657892e-14	0.0180996399464851	0.0400927364937951	0.121884371585097	0.0720629218989609	1.76837280657892e-14
"TCGA.WE.AAA3"	0.0212035146341172	0.0817768010671754	0.0884812766927399	0.0870835083865405	0.129537574295665	0.0372613584891213	1.81528284534304e-14	0.0788763750253438
"TCGA.WE.AAA4"	0.156520148161563	0.179150840132519	0.154032503366618	0.00356638942642351	0.00367229862479444	1.26501356871392e-14	0.10574084187814	0.00921317379004984
"TCGA.XV.AB01"	0.0175347856530099	0.0107240232455773	1.69461355959662e-14	0.0485616193261942	0.0416544856823856	0.0177291168632757	1.69461355959662e-14	0.0270711042182516
"TCGA.YD.A89C"	0.0023894640954257	1.44141326139784e-14	1.44141326139784e-14	0.14571140968488	0.00558701520034126	0.0152873511332408	0.045620803268681	0.0118805259410613
"TCGA.YD.A9TA"	0.0551288408135182	0.0472459145869332	0.0634319607759595	0.0168396819231368	0.0824472814645611	0.00141643177826457	0.0942620566983698	0.0659655718489561
"TCGA.YG.AA3O"	1.97731345720863e-14	0.0436771377406631	0.0431950615029325	0.0273363431260516	0.0705644713283853	3.35341458573978e-07	1.97731345720863e-14	0.053708721735343
"TCGA.YG.AA3P"	1.37268373186008e-14	1.37268373186008e-14	0.00507244298916566	0.113964419660034	0.0515984212439903	0.00371924430095436	1.37268373186008e-14	0.00943032766558648
"TCGA.Z2.A8RT"	0.118075114497643	0.117790718982623	0.0328913497018826	0.0594778895695802	0.0207445905002416	0.11937360647418	0.0115049711958863	0.00496451562321859
"TCGA.Z2.AA3S"	1.70316029067396e-14	0.0164286548054723	0.0237128263653885	0.0241869216968856	0.115409624442599	1.70316029067396e-14	1.70316029067396e-14	0.0341440502600051
"TCGA.Z2.AA3V"	0.0985771497348243	0.054810159865471	0.070830176887908	0.0526112436377785	1.13323656814923e-14	1.13323656814923e-14	0.0139248499707434	1.13323656814923e-14
