"ID"	"S01"	"S02"	"S03"	"S04"	"S05"
"TCGA.3N.A9WB"	0.012406324492751	0.0259989003092385	0.0125120854058733	0.237339182828041	0.0529032104512678
"TCGA.3N.A9WC"	0.0638128706968406	0.235718531505664	0.314931170274047	0.138371627184633	0.0336574509852183
"TCGA.3N.A9WD"	0.43018492194086	1.2570213812572e-14	0.0881959447312143	0.128359441069194	0.0795380596049711
"TCGA.BF.AAP0"	0.109373072094068	0.119008155512843	0.395667025422819	0.0554285232533078	0.244614014325527
"TCGA.D3.A1Q1"	0.17834277754523	0.0401248147025214	0.030912810244797	0.263994176725243	0.0537924388494829
"TCGA.D3.A1Q3"	0.124048431784469	0.421209633504575	0.168790419306072	0.166532693291586	0.0274455506826346
"TCGA.D3.A1Q4"	0.537191488369744	0.280801215595391	0.00844368388415129	0.121938229747543	0.0516253824031624
"TCGA.D3.A1Q5"	0.318331394144249	0.064184536147163	0.0269215315330457	0.477435587776604	0.113126950398932
"TCGA.D3.A1Q6"	0.0188046629842421	0.341305737781686	0.0568731611721379	0.179920110848415	0.0968027555485319
"TCGA.D3.A1Q7"	0.422554027064243	0.18572697042407	0.280245133815608	0.0474601107185206	0.0640137579775498
"TCGA.D3.A1Q8"	0.318595088748462	0.3689157095414	0.128409145018605	0.049724713630279	0.134355343061245
"TCGA.D3.A1Q9"	0.0447582821302697	0.194354164728925	5.13409410123285e-05	0.275749098621226	0.106864712717893
"TCGA.D3.A1QA"	0.00760934316669586	0.318572437086189	1.31155320763936e-14	0.244148464310232	0.0349179476735429
"TCGA.D3.A1QB"	0.0724341763095652	0.10839977597451	0.226661908384804	0.167874458863967	0.0703502812126109
"TCGA.D3.A2J6"	0.00104885763829389	0.100205624002773	0.0234759546911783	0.215753566534685	0.0861847586265358
"TCGA.D3.A2J7"	0.116338140949046	0.435156991029887	0.0978455297653985	0.102756595687263	0.158001214068821
"TCGA.D3.A2J8"	0.033140178772106	0.381020564031266	0.331193772627841	1.1359494591004e-14	0.0240476634084926
"TCGA.D3.A2J9"	0.0548630491117022	0.140798478061455	0.57387862448903	0.110765653653973	0.0455177558968974
"TCGA.D3.A2JA"	0.190190924791008	0.396481740644281	0.125917426889744	0.197195633308166	0.0902142743667933
"TCGA.D3.A2JB"	0.153171259622636	0.0326488599726322	0.560923239514262	0.08509954054847	0.0705428318150962
"TCGA.D3.A2JC"	0.0916937855210784	0.223139936580105	0.123489377651247	0.204573094447709	0.114657795227433
"TCGA.D3.A2JD"	0.313922292166028	0.0281252023725746	0.194816542957263	0.0654782319039766	0.0862769144187113
"TCGA.D3.A2JE"	0.00304381711900293	0.0534077829874544	6.82927490054463e-15	0.0796647444421509	0.610789891217522
"TCGA.D3.A2JF"	0.209085420519465	7.72687478307449e-10	0.313418679198867	0.0844357279035409	0.0311110977527824
"TCGA.D3.A2JG"	0.0517750390527091	0.17380144971729	1.4488827164306e-14	0.100216609196519	0.0134772454757021
"TCGA.D3.A2JH"	0.125115012882543	0.100848766603257	0.333253051491381	0.244574937925639	0.0527436581032818
"TCGA.D3.A2JK"	0.159312295285957	9.18826800295903e-12	0.105156047765807	0.0216202561477894	0.0767736120287123
"TCGA.D3.A2JL"	0.0182072005532646	0.00614326339972478	0.141811274875998	0.137439672386148	0.0671660447388689
"TCGA.D3.A2JN"	0.14507581400808	0.308199229643154	0.102940871396408	0.0975241741084335	0.0941779848924811
"TCGA.D3.A2JO"	1.27105653789743e-14	0.262319591871477	0.273400365210338	0.180140845401371	0.0506687966556129
"TCGA.D3.A2JP"	0.17319785815521	0.0654719869553767	0.16324569745202	0.0596234348709617	0.202775095919767
"TCGA.D3.A3BZ"	0.414417321664602	0.183456441093132	0.217724635652628	0.0710469122626351	0.112329492523824
"TCGA.D3.A3C6"	0.271161139921907	0.275699404711712	1.40506148665171e-14	0.119569291961401	0.0666453165941807
"TCGA.D3.A3C7"	0.115503683712342	0.175988360188111	0.256759649254056	0.075000214753092	0.190230486182723
"TCGA.D3.A3C8"	1.10302717800155e-05	0.233746627622699	0.483849416046117	0.0102167557151689	0.0917861093248529
"TCGA.D3.A3CB"	0.0961093995930994	0.235420940742017	0.432346389662119	0.103273371075173	0.0332340769411975
"TCGA.D3.A3CC"	0.185602275041247	0.400208634798151	0.0267071925767087	0.242583865499197	0.0931181594715095
"TCGA.D3.A3CE"	0.284427260981555	0.133578346525997	0.208354216857754	0.171262231506018	0.131457479140042
"TCGA.D3.A3CF"	0.148374162722739	0.262776907654841	0.3794677941104	0.0592075181919796	0.122438679639921
"TCGA.D3.A3ML"	0.0744172161851876	0.0492524277382116	1.28286755950893e-14	0.092429405687658	0.0407279926981445
"TCGA.D3.A3MO"	0.13862807155972	0.204432012011449	0.00167494104695348	0.320225901468376	0.184830877249761
"TCGA.D3.A3MR"	0.121181966287692	0.0723523097234934	0.385071265095065	0.115828078590429	0.103906826404202
"TCGA.D3.A3MU"	0.0610262710079226	0.459616391053668	0.0139598495365004	0.0731275115824478	0.181128539612286
"TCGA.D3.A3MV"	0.0919739489056826	0.184938438117214	0.0126397440673664	0.281994762429835	0.218439218553096
"TCGA.D3.A51E"	0.0488421386725028	0.162316551664277	0.11733079369592	0.0806769531068845	0.0811976081358051
"TCGA.D3.A51F"	0.0958399034159796	0.154126541399896	0.57200689623016	0.086491743186984	0.0752980565764347
"TCGA.D3.A51H"	0.10441568070249	0.00407006645795911	0.534641957024659	0.162342011253463	0.124796337671373
"TCGA.D3.A51J"	0.115907506760485	0.171299269090463	0.271985819273037	0.104067937006765	0.229698058480278
"TCGA.D3.A51K"	0.0420598812003989	0.0123411455744607	0.0707320352169046	0.0985784384005295	0.0836540260688153
"TCGA.D3.A51N"	0.0401556477124619	0.037472860992972	0.231567546039212	0.200107996873233	0.138304525012181
"TCGA.D3.A51R"	0.115368070975126	0.0883433634398532	0.000697111527723789	0.494928926380896	0.213293107630163
"TCGA.D3.A51T"	0.0581390915702867	0.222272377504388	0.0439202521736238	0.0989774223071885	0.139222798897396
"TCGA.D3.A5GL"	0.0282338691557304	0.180810768974578	0.0153948272329454	0.206968323097441	0.045546215135837
"TCGA.D3.A5GN"	0.181323936015423	0.424569135232663	0.0724025181342171	0.17145018227815	0.0739687756444376
"TCGA.D3.A5GO"	0.0555610224604174	0.237542038502165	0.0546439992014139	0.030040806631491	0.035961712382028
"TCGA.D3.A5GR"	0.258818102405938	0.253728245168304	0.278550336174214	0.147346483370701	0.0577774211231584
"TCGA.D3.A5GS"	0.12818398967673	0.204567424109392	0.0759428460541376	0.171958833230704	0.207638020960974
"TCGA.D3.A5GU"	0.389037492172067	7.51780006646669e-05	0.0630513872374443	0.170417692452753	0.0559574784468875
"TCGA.D3.A8GB"	0.152490276718624	0.00285727737519431	0.202592131091837	0.0146402279869845	0.567993139262336
"TCGA.D3.A8GC"	0.0525507424267068	0.288760137199279	0.0017767141533174	0.36957748766881	0.0231594312756146
"TCGA.D3.A8GD"	0.0155082915033605	0.00121475161833554	0.52189441929432	0.198052410381258	0.110625054050567
"TCGA.D3.A8GE"	0.255920573580651	0.294677266699301	0.187798002243181	0.154544575491003	0.107059581985858
"TCGA.D3.A8GI"	0.0253797701899814	0.140259040581689	0.0345366510430467	0.0138693531950346	0.402363001262772
"TCGA.D3.A8GJ"	0.00928679836462687	0.0670552389376795	0.235468659168082	0.0613538429640785	0.357311557956558
"TCGA.D3.A8GK"	0.0446838666751839	0.0314750228038179	1.37320256624702e-14	0.179727101007902	0.0158208224179143
"TCGA.D3.A8GL"	0.0642069219652787	0.061806646515062	9.94720690558263e-15	0.236668357075322	0.36306837886013
"TCGA.D3.A8GM"	0.0226978866824288	0.27395823785436	0.0628303218497038	0.265216144548295	0.265624877219829
"TCGA.D3.A8GN"	0.099827930370751	0.106646037287826	0.217065943471795	0.0583616222112554	0.206647052660257
"TCGA.D3.A8GP"	0.0953175810340064	0.0910478446093751	0.00722095356807184	0.159566932574511	0.041531586590486
"TCGA.D3.A8GQ"	0.0715233783147659	0.199044032998823	0.0108921111634196	0.412819531758356	0.111006905219297
"TCGA.D3.A8GR"	0.0111724535878719	1.12276037040803e-14	0.0798480065842754	0.185425688109908	0.155815173195567
"TCGA.D3.A8GS"	0.0125663258537356	1.36747161275276e-14	0.242561200066361	0.158741257981081	0.0516163565683573
"TCGA.D3.A8GV"	0.0547320655412821	0.066138930156743	0.00427647302175604	0.149265319991978	0.0343230897389627
"TCGA.D9.A148"	0.0197307149390183	0.133900613205954	0.0580398489539918	0.224696167349012	0.182855082715581
"TCGA.D9.A149"	0.012728257616025	0.40463810878579	0.0990711140118518	0.101969340181864	0.0152058957737118
"TCGA.D9.A1JW"	0.0105090390118215	0.183228061296749	0.188249378426902	0.126005243234525	0.00954326072260877
"TCGA.D9.A1JX"	0.0780044693388564	0.159466500505708	0.119426827581663	0.203420606222198	0.183864442474918
"TCGA.D9.A1X3"	0.0846731920113559	0.338514000451391	0.00129892539006734	0.297238427625866	0.0841797256973636
"TCGA.D9.A3Z1"	1.51576470435801e-14	0.209602406009211	0.204607979629756	0.135751639589793	0.0444739360630974
"TCGA.D9.A3Z3"	0.0796395531906555	0.219137582553002	0.225197841537487	0.173416337229989	0.166090542801574
"TCGA.D9.A4Z6"	0.127742231867783	0.103734988187006	0.00787956987633221	0.373270133422906	0.178232698914444
"TCGA.D9.A6EA"	0.0413302119658676	0.0646177776709438	0.00783321532886584	0.389421389229949	0.0688727456817734
"TCGA.D9.A6EC"	0.0203912967201593	0.0567859602642666	0.00648439568520429	0.260733408544565	0.325679964475776
"TCGA.D9.A6EG"	0.0203932644106602	0.199194964895347	0.00299703741818302	0.451115699402673	0.0777153527418115
"TCGA.DA.A1HV"	0.0500240853934308	0.0377825805215383	0.320019277894619	0.104701636253111	0.2431736245154
"TCGA.DA.A1HW"	0.0196806213096315	0.237504273454681	0.208900542537027	0.206727963669971	0.183986312616669
"TCGA.DA.A1HY"	0.133471948087103	0.362619826719198	0.0204823148022478	0.237108102752489	0.158279637504749
"TCGA.DA.A1I0"	0.0853436256633058	0.0865153113451842	0.153588381221839	0.0104115637506827	0.0425696061354127
"TCGA.DA.A1I1"	0.124454183913794	0.496976763017637	0.209144462916652	0.0862560882803099	0.0558021564270852
"TCGA.DA.A1I4"	0.060992643200457	0.319240192629873	0.135145253765104	0.0026319253862976	0.39746389286339
"TCGA.DA.A1I5"	0.0644762181331515	0.217200307088537	0.314154203257776	0.0643195192900483	0.180543606931586
"TCGA.DA.A1I7"	0.0459360492104577	0.345126891131795	0.0479295247968017	0.0571517298384515	0.439224674035649
"TCGA.DA.A1I8"	0.137857188832147	0.125403873018209	0.0825647191835924	0.311445056608877	0.229881554223519
"TCGA.DA.A1IA"	0.06595753193202	2.63963874215849e-06	0.0522619378367714	0.124814986657179	0.155784711540757
"TCGA.DA.A1IB"	0.0620339009068812	0.0752539340961171	0.551401920259429	0.0652080177213237	0.15635556485236
"TCGA.DA.A1IC"	0.181779358774114	0.282226334393171	0.036873992955305	0.174750954852483	0.131551150439456
"TCGA.DA.A3F2"	0.0233628123268741	0.198179386785551	0.417696279468066	0.000366741161451421	0.00866181385309024
"TCGA.DA.A3F3"	0.204936880835396	0.112359712460362	1.34720429511046e-14	0.297800410263602	0.0299353353067815
"TCGA.DA.A3F5"	0.0315524677634121	0.227279683342225	0.0587124471743456	0.282722415486816	0.0682383930973814
"TCGA.DA.A3F8"	0.0216467993785151	0.241599518864745	0.451364956908471	0.0551343537492384	0.0506647633995733
"TCGA.DA.A95V"	0.0356370710827656	2.01011882660877e-09	0.0775882166765946	0.0477609582593161	0.342625696594569
"TCGA.DA.A95W"	0.112023403308755	0.00217345799145175	0.00370012986882284	0.178091084084881	0.0860915699777586
"TCGA.DA.A95X"	0.0834831043738108	0.273047778225685	0.121349969384004	0.324668699166641	0.0506344244235801
"TCGA.DA.A95Y"	0.0219387828101338	0.0442797753156061	0.00891689046161512	0.188517737089439	0.0826999398628974
"TCGA.DA.A95Z"	0.0122399317072768	0.0542583480807514	0.00329797440196681	0.106628832085489	0.369741046737545
"TCGA.EB.A44Q"	0.00055932521568994	0.146130016780651	0.189885900184156	0.297563604891072	0.128899838565285
"TCGA.EB.A44R"	0.146246707173854	0.065761800975444	0.0841351469632505	0.57046139286904	0.077714773229618
"TCGA.EB.A5KH"	0.0831042192851267	0.139586606054991	1.35815015852503e-14	0.0790449968627593	0.00797399831187194
"TCGA.EB.A5SG"	0.0248836254158189	0.127505256502645	0.315262838928933	1.52698513091538e-14	0.0391796130482149
"TCGA.EB.A5SH"	0.0979253122565475	0.0111769515712936	0.0443105269028788	0.168484687576742	0.0739400487090053
"TCGA.EB.A5UL"	0.0168881824380062	1.9677385022551e-12	0.15981051455343	0.400557127308174	0.0729380006810451
"TCGA.EB.A5UN"	0.0801068179177108	0.230505020160954	0.105961609519517	0.227135934907981	0.0858652103385563
"TCGA.EB.A5VV"	0.217152231408375	0.00867882641778602	0.532101398958804	0.0900059168650605	0.0616187220801763
"TCGA.EB.A6L9"	0.254177104752385	0.0221842682589014	0.37710631429306	0.0202003263771634	0.0727930090962682
"TCGA.EE.A17X"	0.0474753330135123	0.0639823887501592	0.0170214996834513	0.132575753508478	0.0401372767732632
"TCGA.EE.A17Y"	0.113850021639324	0.372304418581681	1.18432160996771e-14	0.244241715123768	0.0645013038267571
"TCGA.EE.A17Z"	0.153454970293634	0.106097157372979	1.11373417884301e-14	0.23043575770189	0.134119444432601
"TCGA.EE.A180"	0.147273909362993	0.242577147503372	1.6105889880228e-14	0.146027740459258	4.20148933807333e-07
"TCGA.EE.A181"	0.0546329816829783	0.239328847836057	0.179240952741089	0.264184788747347	0.0480363187493506
"TCGA.EE.A182"	0.0747118521637935	0.0339316227734046	0.144037818178091	0.0819362828024696	0.0521532639898231
"TCGA.EE.A183"	0.259520832846253	0.0369655850369929	0.348022543191059	0.0261903799260972	0.0726258731480289
"TCGA.EE.A184"	0.0364222471670097	0.168846963134279	0.063039948759012	0.225030150874701	0.0354340611276592
"TCGA.EE.A185"	0.0438866782443619	0.0539205559728563	1.40493329503494e-14	0.145022058239234	0.0558280887191758
"TCGA.EE.A20B"	0.377184275892047	0.225893929799412	0.120863075023613	0.116909379260827	0.115497214617796
"TCGA.EE.A20C"	0.102959831251777	0.00593235320318414	0.0221195420085874	0.180101831238061	0.0285726329515962
"TCGA.EE.A20F"	0.0266807715488842	0.209707120356562	0.0831351616802516	0.182698011821154	0.117323835289592
"TCGA.EE.A20H"	0.10222075323687	0.0960394497003684	0.0688560666287293	0.548154460319895	0.113836616239351
"TCGA.EE.A20I"	0.101989443402288	0.371072393928163	0.0108772758019508	0.151983636861485	0.0801335654388146
"TCGA.EE.A29A"	0.397814215652929	0.177285230048488	1.07389209883713e-14	0.232415437502177	0.0419191567948681
"TCGA.EE.A29B"	0.00583749144312676	0.0842326317230571	0.0181312274765436	0.0669947289011202	1.52231335197249e-14
"TCGA.EE.A29C"	0.514842057834688	0.13897472244764	0.0709719119415245	0.0685281134683065	0.141452751695994
"TCGA.EE.A29D"	0.0404438837049335	0.230798072065907	0.0161346980116419	0.495032719841162	0.0370370363262981
"TCGA.EE.A29E"	0.0698570682213667	0.234635798556641	3.29354970412243e-10	0.132828028316261	0.0421423838216198
"TCGA.EE.A29G"	0.423802712286904	0.0644815829556834	0.0600413715017011	0.242320655269178	0.205004804749533
"TCGA.EE.A29H"	0.0469591406799879	0.283350642194583	0.0726888647981322	0.0858212328213332	0.0434288387917378
"TCGA.EE.A29L"	0.0281800155524213	0.0744616808903768	1.31146415340562e-14	0.165376150233535	0.00618435371911833
"TCGA.EE.A29M"	0.0953680932006861	0.0588608383249666	0.109978244241878	0.299767306988841	0.234699715201358
"TCGA.EE.A29N"	0.0910420186933278	0.201479720549714	0.256816908076271	0.215734955832844	0.196715322628832
"TCGA.EE.A29P"	0.0612860443506591	0.247957111964451	0.342327413515209	0.0750228498552864	0.0452389992272277
"TCGA.EE.A29Q"	0.186437806588984	0.0456087939352477	0.0115454700592543	0.405474826869976	0.0618429351287815
"TCGA.EE.A29R"	0.270781822278415	0.122266215760752	8.43115761656319e-15	0.0484371899402417	0.483976677743524
"TCGA.EE.A29S"	0.0476190014470608	0.490644071419602	0.116794447923555	0.147305611821551	0.00482165764041837
"TCGA.EE.A29T"	0.0783201787524666	0.385376802942741	0.102341478716852	0.168233716475625	0.029955955796988
"TCGA.EE.A29V"	0.106259851958496	0.151569336964745	0.0291035191086563	0.0631799452972624	0.0717602987794941
"TCGA.EE.A29W"	0.431160492410373	0.29943987650747	0.00601406553213453	0.190251115766526	0.0667941466473407
"TCGA.EE.A29X"	0.015494683307976	0.197941242883996	0.214564469678453	0.110422612719709	0.080641911923278
"TCGA.EE.A2A0"	0.304399552204671	0.48843615035393	0.108812039932002	0.0338050926460691	0.0532035589736365
"TCGA.EE.A2A1"	0.529373394409361	0.0945574334310622	0.290299271149919	0.0304563430833799	0.055219201343291
"TCGA.EE.A2A2"	0.057772023434628	0.118816000225116	0.0784132859487833	0.215504629417937	0.0884618835266411
"TCGA.EE.A2A5"	0.374950591652529	0.225240140882008	0.0141167395750543	0.275695823591516	0.0483979970889574
"TCGA.EE.A2A6"	0.0525256647265317	0.0890644035516816	0.225567332624528	0.321915592248863	1.52322690808747e-14
"TCGA.EE.A2GB"	0.208822646658089	0.143247483254382	1.25133312641335e-14	0.417582561063436	0.0946845726890867
"TCGA.EE.A2GC"	0.0251528284075791	0.401149154111124	0.159044394603243	0.172552554858972	0.0580954855864415
"TCGA.EE.A2GD"	0.156760066266481	0.667105445588239	0.133031901085611	0.0333457319282773	0.00975685513138236
"TCGA.EE.A2GE"	0.202057587377806	0.244236216872499	0.353632006794595	0.0596822444961603	0.140391944458931
"TCGA.EE.A2GH"	0.102799696569877	0.168903733421099	0.305893578183521	0.0296974770137445	0.153631447338813
"TCGA.EE.A2GI"	0.0819032301060014	0.0974221866533172	0.147253346156048	0.0971397856108109	0.218568350183356
"TCGA.EE.A2GJ"	0.0839928684920455	0.451497634677041	0.118562418779448	0.125212213360987	0.059849803464031
"TCGA.EE.A2GK"	0.170725467404385	0.0412847874528301	0.578850717236815	0.110181676046582	0.0559216083838195
"TCGA.EE.A2GL"	0.203069138497858	0.120825227274759	0.346360047769851	0.196288827773157	0.130053308825053
"TCGA.EE.A2GM"	0.0842436011281404	0.195718624062058	1.59457223982216e-14	0.145187384112857	0.0872774589266453
"TCGA.EE.A2GN"	0.149180767652095	0.30270889425247	0.00417967107402378	0.257070206660201	0.171153763812658
"TCGA.EE.A2GO"	0.116393998730577	0.255375777428194	0.0121739800211684	0.227347643897341	0.0591141830624366
"TCGA.EE.A2GP"	0.359752921058427	0.237568926910762	0.126687437868948	0.173579088623146	0.102411625538707
"TCGA.EE.A2GR"	0.0587970165758481	0.175214115505052	1.39376921524373e-14	0.202237501994856	0.0454452001734779
"TCGA.EE.A2GS"	0.180310906314516	0.214045408149921	4.3153336075262e-05	0.204525388681296	0.229919842261877
"TCGA.EE.A2GT"	0.214713291281012	0.0630626220678421	0.366425506435267	0.0652108510370009	0.0805332307250415
"TCGA.EE.A2GU"	0.0681433173637142	0.117355459548458	0.11048210165893	0.33585673424682	0.0366997287593003
"TCGA.EE.A2M5"	0.0360017577012914	0.465492081454753	0.0184457079825329	0.0335158779019329	0.0397030862482424
"TCGA.EE.A2M6"	0.0693266457831513	0.179681390539726	0.0797418126559985	0.232649974237311	0.0499443457383559
"TCGA.EE.A2M7"	0.38581329436436	0.209375184720381	0.109036819665898	0.213571524556663	0.0428242507758853
"TCGA.EE.A2M8"	0.172465023449739	0.220028488607446	0.458424487791027	0.0412638133124964	0.0515066614845554
"TCGA.EE.A2MC"	0.129329625479919	0.416862273818824	0.211241286928535	0.128873322929376	0.0538237658409888
"TCGA.EE.A2MD"	0.0284432258704212	0.214963296677806	0.0632564801665061	0.329128783740357	0.0668316460456564
"TCGA.EE.A2ME"	0.322150419367627	0.201232571726891	0.390263086724793	0.0534590849120851	0.032173833735767
"TCGA.EE.A2MF"	0.0657509690285338	0.199071939939369	0.0527891559146789	0.204963409963126	0.0323995671338241
"TCGA.EE.A2MG"	0.393732215235967	0.0840130950348612	0.386421952764863	0.0710433309745349	0.0647894059897644
"TCGA.EE.A2MH"	0.101951583632807	0.128477560244092	0.272064462320987	0.141091705137457	0.161024630507262
"TCGA.EE.A2MI"	0.142373560684154	0.456921354099694	0.169987443241338	0.136298959225465	0.0448106885308888
"TCGA.EE.A2MJ"	0.340219219807395	0.0357015320500346	0.319661237885349	0.0939574150600257	0.138386750078484
"TCGA.EE.A2MK"	0.0910771757772978	0.370985946111252	0.104666287824206	0.110913963357689	0.0693321248787999
"TCGA.EE.A2ML"	0.0748748364518417	0.328733519625474	0.162229785444921	0.172027878433319	0.0992518459499261
"TCGA.EE.A2MM"	0.0366278524448792	0.277927744374057	0.0580017953871466	0.26874758449525	0.030697077117933
"TCGA.EE.A2MN"	0.0769201096761738	0.172542315777022	0.129134530409731	0.0605519288830241	0.0349611182142863
"TCGA.EE.A2MP"	0.124765582648883	0.0844241230476725	0.163452750883268	0.199715529483753	0.159691130252931
"TCGA.EE.A2MQ"	0.0635231278951692	0.537454724870512	0.0410994714769533	0.111039417244404	0.11611440019567
"TCGA.EE.A2MR"	0.0984469428993944	0.286212731413749	0.320376255949378	0.257662377443311	0.0373016922941596
"TCGA.EE.A2MS"	0.176014956528955	0.0379065408417691	0.0347861259291614	0.525274694556113	0.192069521411626
"TCGA.EE.A2MT"	0.0808094668765219	0.12272418216963	0.0212503920498704	0.303356630676831	0.0882923117789379
"TCGA.EE.A2MU"	1.94053360682939e-13	0.332335991010054	0.268989346924197	0.117692688185845	0.0573160816226592
"TCGA.EE.A3AA"	0.14430329920929	0.351955130317543	0.22758483214004	0.102042443824783	0.0980019659030014
"TCGA.EE.A3AB"	0.0836302875374047	0.264719968297918	0.245914727620766	0.0957637498316037	0.165122088152925
"TCGA.EE.A3AC"	0.0237049674215916	0.182678681590038	0.104953530695843	0.255762753262949	0.0634697502393369
"TCGA.EE.A3AD"	0.0815439560486427	0.136537659591477	3.99735019143387e-05	0.310027973764673	0.175573413007227
"TCGA.EE.A3AE"	0.0571711001842013	0.182362404905148	0.157022028783339	0.251953014614875	0.0508536958610293
"TCGA.EE.A3AF"	1.63369178218197e-14	0.199891801920723	0.110339983270931	0.133598492047295	0.00951050691934986
"TCGA.EE.A3AG"	0.0910276723363313	0.174524012584271	0.00374924386237752	0.358690465781698	0.150908594354399
"TCGA.EE.A3AH"	0.225239558109183	0.155280996262252	0.0106940430976624	0.161002316246369	0.240667940227837
"TCGA.EE.A3J3"	0.25666430460692	0.330674230273644	0.0859116971937886	0.162037271645621	0.128443059710319
"TCGA.EE.A3J4"	0.0561674977603604	0.158905694034041	1.52894374609064e-14	0.0971552807033467	0.0274258067993883
"TCGA.EE.A3J5"	0.122199133087144	0.289391054350004	0.137850137438904	0.0900235912960196	0.0979305966548896
"TCGA.EE.A3J7"	0.122089829946252	0.0747890356382657	0.00381408790876029	0.45045059331545	0.0408915631183607
"TCGA.EE.A3J8"	0.144632145325318	0.034327581702755	9.14420788326003e-15	0.266566074803289	0.216092453726166
"TCGA.EE.A3JA"	0.123773667354686	0.362583715322185	0.0249127082462355	0.118256391351856	0.00644490077924489
"TCGA.EE.A3JB"	0.0858581489042056	0.606309171910232	0.078561604689146	0.128113689141697	0.0613948156587624
"TCGA.EE.A3JD"	0.0914500865737405	0.283608149733644	0.420207724036374	0.101849667816815	0.0310964395934566
"TCGA.EE.A3JE"	0.305990175679481	0.253029575143652	0.318181230342222	0.0464904784225389	0.0741054634095456
"TCGA.EE.A3JH"	0.092831800989229	0.12073856259365	0.551232156961602	1.31669324003056e-14	0.0642086357637947
"TCGA.EE.A3JI"	0.0928255960763104	0.117204122917325	0.0149617032000023	0.326263926694665	0.0354791694617197
"TCGA.ER.A193"	0.560029829391254	0.161164598750651	0.152108063611515	0.0657862776655281	0.0464444343733953
"TCGA.ER.A195"	0.3378602236321	0.216129413969386	0.279138525804291	0.111563817175865	0.0553080194183499
"TCGA.ER.A197"	0.0219098907574961	0.133115899904262	0.225750444053185	0.185408861524458	0.314406318962748
"TCGA.ER.A198"	0.0548831175320912	0.236331437417902	0.0804272799533618	0.134783517583731	0.0171323076554008
"TCGA.ER.A199"	0.03946039951188	0.0567681074230859	0.412472006908899	0.179893271413432	0.0238426047335047
"TCGA.ER.A19A"	0.267075637247134	0.335498247663033	0.365991797603375	0.0167615703226412	0.0146727471638086
"TCGA.ER.A19B"	0.176797428726571	0.129079385645749	0.0358482514917716	0.317087272551975	0.210299271469678
"TCGA.ER.A19C"	0.0741662235212899	0.396620490497388	0.0140885900288348	0.163161616258505	0.131201136204473
"TCGA.ER.A19D"	0.33087471203917	0.251555709876403	0.101360557933654	0.201516995763997	0.114692024386768
"TCGA.ER.A19E"	0.177109767708096	0.289607617161725	1.09125125115098e-14	0.23016814268045	0.171885011577282
"TCGA.ER.A19F"	0.0321857746524688	0.294113950868328	1.68384059739138e-14	0.152966426690651	0.0325851042090043
"TCGA.ER.A19G"	0.0150296417556804	0.249869916510258	0.219622927024722	0.177470752541206	0.0937368701680528
"TCGA.ER.A19H"	0.376296293021719	0.205576219565705	0.0801016140664148	0.135251232583344	0.173684635973507
"TCGA.ER.A19J"	0.140646174190467	0.551516277165536	0.0468321656365546	0.161013307016886	0.0597320690159569
"TCGA.ER.A19L"	0.355912283037903	0.326784740262353	0.0112410626910941	0.172347195192251	0.0569805834076009
"TCGA.ER.A19M"	0.0357662124391213	0.478667416988596	0.121601964756313	0.0944087511282557	0.0371007221734017
"TCGA.ER.A19N"	0.0305708107732376	0.419849125517962	0.350843139346873	0.00652223076572194	0.0466024423738784
"TCGA.ER.A19P"	0.120894227111991	0.056564577321191	0.561536858858801	0.13271385735532	0.108464118880574
"TCGA.ER.A19Q"	0.0615227999082274	0.358874899827027	0.185550771135394	0.0494220565751096	0.192915563597066
"TCGA.ER.A19S"	0.00351926643932513	0.108031612711448	0.380832274765225	0.105121307812473	0.0356004539153188
"TCGA.ER.A19T"	0.101227136082253	0.290574965958953	0.0497458765419067	0.123063009492602	0.0554527929288807
"TCGA.ER.A19W"	0.128823476401579	0.19004889831391	0.437992991307895	0.0382226723344757	0.0259731148652553
"TCGA.ER.A1A1"	0.161669068063446	0.0344207161600896	0.530684442990739	0.157283382868533	0.0949404926186707
"TCGA.ER.A2NC"	0.303134676147948	0.336315537677335	0.118663908932291	0.186479973748758	0.05540590349366
"TCGA.ER.A2ND"	0.0621606710593507	1.24876988347121e-14	0.039375123396232	0.210975260295514	0.10159592844156
"TCGA.ER.A2NE"	0.126745458952709	0.0697591546284887	0.0265635049550893	0.233194609803663	0.0719692812109879
"TCGA.ER.A2NF"	0.111329883868114	3.64849165998919e-05	0.0165258918017658	0.106196373828865	0.158885003015257
"TCGA.ER.A2NG"	7.70217604246865e-11	0.304981955561062	0.181095557258459	0.127645559236458	0.0670425768652834
"TCGA.ER.A2NH"	0.0560738730442016	0.298320717752333	0.360172411989714	0.0820982214127608	0.177049240493711
"TCGA.ER.A3ES"	0.104827308759001	1.09454572512665e-14	1.2546712364302e-05	0.130034128400788	0.102185875664986
"TCGA.ER.A3ET"	0.140356869949912	0.329479216606015	0.118642397753286	0.20856487331198	0.202956642378798
"TCGA.ER.A3EV"	0.174807227735965	1.1859019093709e-14	0.119150436352147	0.278773753281277	0.0570461121211682
"TCGA.ER.A3PL"	0.18705789919632	0.430798821802187	0.0647995700896917	0.11906860369072	0.030345517860318
"TCGA.ER.A42K"	0.24079124928468	0.261592554179798	0.0255683098590746	0.169634011442997	0.142811537566929
"TCGA.ER.A42L"	0.258382103636015	0.0379463480028306	0.214553214225459	0.0993329156096942	0.389785418469126
"TCGA.FR.A3YN"	0.0370893405270839	0.144259756229712	0.0527196583182905	0.246094236837705	0.101792277058125
"TCGA.FR.A44A"	0.00641926255593508	0.295134405721051	0.358541969531733	0.0452990385209711	0.0641243363768355
"TCGA.FR.A69P"	0.425883192385109	0.249793923579923	2.21881633428196e-10	0.157225921001011	0.00767186388232427
"TCGA.FR.A729"	0.0554713553244555	0.0537471609829366	0.22224447515636	0.122309678474999	0.471978131250846
"TCGA.FR.A7U8"	0.0476775627636511	0.0127755302003631	1.5160699399698e-14	0.161956818938146	0.0468250709642616
"TCGA.FR.A7U9"	0.142759186987938	0.327849070785856	0.134943221781629	0.00314431167010159	0.235251214137913
"TCGA.FR.A7UA"	9.59931275876273e-15	0.048022856899422	0.430071238414667	0.103139457790887	0.268482537246228
"TCGA.FR.A8YC"	0.180231743122242	0.0237871951832584	0.0668930485984348	0.200339734070836	0.0518478901068349
"TCGA.FR.A8YD"	0.0561572772223471	1.20214110919581e-14	0.149963222446729	0.102321115488277	0.0785041289912712
"TCGA.FR.A8YE"	0.207405349178137	0.0380164098212345	0.380875415057816	0.0998419749618515	0.273860850980955
"TCGA.FS.A1YW"	0.284626824135316	0.0239927083571753	0.00675648363642986	0.311481530286	0.11745004950733
"TCGA.FS.A1YX"	0.123726900850312	0.481996069496676	0.088621880050004	0.14400778028566	0.100873965858834
"TCGA.FS.A1YY"	0.214524537670706	0.327297219978247	0.000452053563845573	0.0731685347363348	0.0646579793333236
"TCGA.FS.A1Z0"	0.149287572970238	0.282980704202062	0.154498613523055	0.209648726181239	0.0926322473510519
"TCGA.FS.A1Z3"	0.0927831871584605	0.21544398224285	8.9788324834681e-07	0.389448185726815	0.162757757716417
"TCGA.FS.A1Z4"	0.186076309170997	0.274795556888423	0.303071073319715	0.173201498957888	0.0455977964792496
"TCGA.FS.A1Z7"	0.519961257116371	0.188218424394689	0.121040321093232	0.0946717319715757	0.0761082654241218
"TCGA.FS.A1ZA"	0.277888450490869	0.135456655245449	0.0318461577888753	0.290720391781854	0.0516480339916647
"TCGA.FS.A1ZB"	0.338144224532001	0.264358392144991	0.268637558380189	0.0171005982617192	0.0466374281244325
"TCGA.FS.A1ZC"	0.132277356785552	0.199415262078803	0.00291183447976934	0.417372520156288	0.0410248507818064
"TCGA.FS.A1ZD"	0.17085374208246	0.348591981536288	0.0627387012278547	0.37263326724285	0.0451823079105388
"TCGA.FS.A1ZE"	0.302874368673789	0.0869244212794187	1.42680417267366e-14	0.258580767249666	0.0249965660021841
"TCGA.FS.A1ZF"	0.143263330140817	0.17025346431373	0.102951439501695	0.283935789377334	0.109418364948069
"TCGA.FS.A1ZG"	0.0552267642357689	0.127310400502036	1.29843544959955e-14	0.194891104913621	0.0277067939717292
"TCGA.FS.A1ZH"	0.336671509736336	0.197872027559251	0.235450349408439	0.162915414600556	0.0670906986954102
"TCGA.FS.A1ZJ"	0.0574942244302734	0.207489712937635	0.00297996759134544	0.270004839179553	0.181226927757756
"TCGA.FS.A1ZK"	0.0699721754334393	0.110523603437291	0.000143478141836422	0.443264885395599	0.213873017722717
"TCGA.FS.A1ZM"	0.171067831642109	0.350148704476083	0.150624026804528	0.21530427037174	0.112855166705529
"TCGA.FS.A1ZP"	0.494298411329776	0.245013367959564	0.0579967645183813	0.0167996745430493	0.0627447609671507
"TCGA.FS.A1ZQ"	0.0205001570071705	0.0848627002814852	0.0901978393224234	0.506277692350269	0.142023070814735
"TCGA.FS.A1ZR"	0.383477529006961	0.178517972368647	0.0210339537246792	0.286328618807445	0.122959233049744
"TCGA.FS.A1ZS"	0.213559859030772	0.526523897358749	9.45860507489829e-15	0.11485909670081	0.0576513915485527
"TCGA.FS.A1ZT"	0.265659784237924	0.285375340057482	0.172213881390856	0.138941980044781	0.0252314321451506
"TCGA.FS.A1ZU"	0.0964088334023001	0.0902405134472103	1.3927827284881e-14	0.150424701996688	0.0456865379160815
"TCGA.FS.A1ZW"	0.0233455951578411	0.203884436016064	0.164786877600244	0.1158244935884	0.119257207924789
"TCGA.FS.A1ZY"	0.128720851272735	0.0237633253752429	1.35639765143892e-09	0.155670158024584	0.00731327708588347
"TCGA.FS.A1ZZ"	0.116133370019267	0.125969879282222	1.20644200324352e-14	0.202150369634809	0.0757322527936779
"TCGA.FS.A4F0"	0.135382735498174	0.0425856453730749	1.74149213204377e-07	0.516379634695701	0.0262910789187358
"TCGA.FS.A4F2"	0.000268076162949175	0.124153630821837	0.0315413831939228	0.13512969629906	0.421951247103629
"TCGA.FS.A4F4"	0.154764059378663	0.128300248392316	0.118982833114725	0.0682133429714093	0.0636120276122443
"TCGA.FS.A4F5"	0.153953832431732	0.178083445770114	0.013759472891919	0.259815095332538	0.114008488001421
"TCGA.FS.A4F8"	0.344579487557628	0.122512862494938	0.440760940782379	0.0706468688512625	0.0125046497462165
"TCGA.FS.A4F9"	0.128575374175538	7.17746690665505e-05	0.0341458501758122	0.213296518977243	0.0823177133891843
"TCGA.FS.A4FB"	0.176950215829003	0.0997437962198997	0.010029468498004	0.215037836384446	0.199831866333328
"TCGA.FS.A4FC"	0.228235499234829	0.186098330819608	0.0118485870749011	0.150533362314482	0.36212853115682
"TCGA.FS.A4FD"	0.174099378067219	0.231721330826491	6.16612979471978e-12	0.324805514693041	0.0659350721297765
"TCGA.FW.A3I3"	0.107880293252835	0.0362585813041203	0.0167945729929235	0.472448837225846	0.111222834368569
"TCGA.FW.A3R5"	0.0532930723747985	0.395790824830363	0.166207338847485	0.12653300286042	0.0444342481665717
"TCGA.FW.A3TU"	1.85447823730156e-07	1.0744577220803e-14	0.0867858706850286	0.183412036467636	0.0470777214138854
"TCGA.FW.A3TV"	0.0534846474757162	0.318161220117893	0.128302694077059	0.321884269283166	0.0138534501501856
"TCGA.FW.A5DY"	0.132144319670459	0.0475114158787815	0.292016479578135	0.158991285479335	0.291472196891876
"TCGA.GF.A3OT"	0.0444068875908926	0.620906415322312	6.05388734764531e-05	0.0204496920340244	0.0665411039027612
"TCGA.GF.A4EO"	0.029524189793687	0.0862885283704181	0.470211964730951	0.0426867046058653	0.0657188942403248
"TCGA.GF.A6C8"	0.0971869878389516	0.145410845986337	0.0379569377440029	0.113897768412985	0.321534629661768
"TCGA.GF.A6C9"	0.0151014599338924	0.0839237370201488	0.221598952899031	0.0278443155475042	0.554888043731936
"TCGA.GN.A262"	0.0288148185396738	1.27698113031557e-07	0.029082879713074	0.252980826306662	0.143522603671815
"TCGA.GN.A264"	0.122463870488486	0.573506661119549	0.00560767505516299	0.116799361581132	0.0533678958476865
"TCGA.GN.A265"	0.110071136211987	0.41096932712583	0.364878516653386	0.0133730577848526	0.0693022453072731
"TCGA.GN.A266"	0.0702285305884071	0.515485585009263	0.274043606195994	0.0975956068445029	0.0426466713618227
"TCGA.GN.A267"	0.155715793193823	0.00100476699395047	0.0107544902045921	0.0665779088556754	0.0142184122458333
"TCGA.GN.A268"	0.0283351726314895	0.0830364822598423	0.000545071246344855	0.288463188096839	0.0268127551236131
"TCGA.GN.A26A"	0.0826684831695456	0.373773677388462	0.136060902001136	0.16073570086832	0.144700214863142
"TCGA.GN.A26D"	0.103894018546736	0.241498255947023	0.00402164540077611	0.208263146842399	0.137799061614474
"TCGA.GN.A4U3"	0.0627641294680855	0.0024880920217236	0.0702492666213623	0.265144805327244	0.11161454563855
"TCGA.GN.A4U4"	0.118641492825573	0.00936653249013478	0.0035925521116889	0.124569164511205	0.00860565834934787
"TCGA.GN.A4U7"	0.0434339931542789	0.00143101408286071	1.18698255476758e-14	0.118051750288616	0.21949049575852
"TCGA.GN.A4U8"	0.0316718513024434	0.0382550093559894	0.2431397164126	0.119051904601269	0.0933571113355971
"TCGA.GN.A4U9"	0.133891344705025	0.133274242590146	2.39985045024214e-14	0.502822102213993	0.0723312167808924
"TCGA.GN.A8LK"	0.0378436309451219	1.24633592227278e-14	1.75935070315942e-10	0.116033600710121	0.0837518150912582
"TCGA.GN.A8LL"	0.112915698819086	9.68846366598733e-15	0.0335518811343725	0.163780506838482	0.17490208711864
"TCGA.GN.A9SD"	0.297304188658537	0.0541741642702504	0.40725394053255	0.0477645336085522	0.153484044186334
"TCGA.HR.A2OG"	0.0988993191391895	0.497879415176516	0.176114230357181	0.156512504411946	0.0705746433739796
"TCGA.HR.A2OH"	0.0195995713796419	0.127788060761832	0.407498199022108	0.104424939095364	0.0764392970027148
"TCGA.LH.A9QB"	0.302890846362046	0.0177722041873203	0.022439460507914	0.21758487971158	0.139461109436802
"TCGA.OD.A75X"	0.0725727826810695	0.220699203657005	0.000949808823560226	0.252510903123427	0.165357949989611
"TCGA.QB.A6FS"	0.0542908879711588	0.0147842733599363	0.17615147582723	0.0357318275530718	0.0612405377777376
"TCGA.QB.AA9O"	0.0238371697605352	0.00995035359281855	0.100390612617921	0.169669065982501	0.133289405105812
"TCGA.RP.A690"	0.165514474293233	2.64700014312993e-10	0.0508403817513922	0.220689061942056	0.0911644944313421
"TCGA.RP.A693"	0.150773690296612	0.254053122164748	0.230392359995622	0.15919028567322	0.0932429825404379
"TCGA.RP.A694"	0.321502246218248	0.122402364897216	0.0873412708814676	0.113914255519622	0.0790793239174437
"TCGA.W3.A824"	2.93000492309888e-09	0.0697746201051638	0.0737281701263084	0.0787408803202318	0.0578417728142224
"TCGA.W3.A825"	0.196155376143641	0.10795334333827	0.179828671529143	0.283174836076131	0.232887772912807
"TCGA.W3.A828"	0.224693214994901	0.0871011264610546	0.130751357337379	0.0896343839690454	0.467819917237616
"TCGA.W3.AA1O"	0.0236599537191251	0.223798782988342	0.0560171021974701	0.318999924684304	0.0532488619720318
"TCGA.W3.AA1Q"	0.0746584336563816	0.104283895479696	0.00731954811611095	0.040571646915586	0.0497448293830757
"TCGA.W3.AA1R"	0.0266402654486222	0.0493412686821177	0.00800673017433995	0.230560356039714	0.122183235823747
"TCGA.W3.AA1V"	2.14391439214119e-06	0.283682094488364	0.0714001974767838	0.0717489315996042	0.466830023204429
"TCGA.W3.AA1W"	0.00169009773738888	0.0276956693992842	0.486507520247175	0.103038170614343	0.0108451108492152
"TCGA.W3.AA21"	0.0687543766318714	0.0137846804641947	0.000177203768649498	0.0235777752845346	0.035007947603961
"TCGA.WE.A8JZ"	0.222516326086037	0.00660525736779495	8.48375654974213e-05	0.369707300297604	0.134435128969407
"TCGA.WE.A8K1"	0.0668162666943211	0.0532089994373783	0.299659973421523	0.163792848029802	0.0924187361670271
"TCGA.WE.A8K5"	0.0927273892411577	0.24725290192939	0.05918510097416	0.1435322793137	0.0496052387814031
"TCGA.WE.A8K6"	0.131295049984439	0.0966408258901309	0.0390047699143826	0.222373552566588	0.043420533054159
"TCGA.WE.A8ZM"	0.205992712135325	0.00202371329988438	0.00406828054817237	0.23431911291131	0.553596181105303
"TCGA.WE.A8ZN"	0.236730627245087	1.26784976809137e-14	0.0982540881286374	0.0446193276659102	0.0350821262830965
"TCGA.WE.A8ZO"	0.0958401532227159	0.166158688266305	0.126443829392091	0.204371606170714	0.102607565606464
"TCGA.WE.A8ZQ"	0.184518366766916	0.0854462468923507	0.00999183771753756	0.466428478376506	0.23420505764436
"TCGA.WE.A8ZR"	1.38684839986382e-14	0.194844180888097	0.0367782373506646	0.388761586270367	0.131894341923369
"TCGA.WE.A8ZT"	0.187904424240498	0.0553449172400836	2.28611973881967e-09	0.239332203230574	0.127432610988284
"TCGA.WE.A8ZX"	0.0747615650782592	0.0279989016567528	0.126924488874532	0.183283579835463	0.385427351615586
"TCGA.WE.A8ZY"	0.11313503196128	0.142482562134396	0.0336647285720953	0.45802673213092	0.0353697441415127
"TCGA.WE.AA9Y"	0.362395790197087	0.347520574754025	0.134286803641105	0.0946592950735054	0.0296888955100187
"TCGA.WE.AAA0"	0.0547453874492659	0.0895340494821173	0.147327062253623	0.147464040320592	0.135374708204906
"TCGA.WE.AAA3"	0.45402736598998	0.121340168435073	0.145387525136215	0.0703085672751511	0.054141335381579
"TCGA.WE.AAA4"	1.32034986460297e-14	0.0770003271135256	0.337283088004759	0.00356807060426905	0.0735386907418131
"TCGA.XV.AB01"	0.122068432312832	0.0450626340993915	0.0541564015627185	0.0177688757683591	0.0262929586512048
"TCGA.YD.A89C"	0.0684300090446038	0.0173257493542665	1.11397242426219e-14	0.167134652404237	0.22831681093343
"TCGA.YD.A9TA"	0.128004526602541	0.166830387481327	0.0690908864100667	0.288347972335896	0.330778283582324
"TCGA.YG.AA3O"	0.0131006459728885	0.278082187268584	0.0167721319667098	0.264317868538488	0.0797990581423262
"TCGA.YG.AA3P"	0.0712124982144619	1.18347325770406e-14	1.18347325770406e-14	0.171285905236325	0.0389696455608347
"TCGA.Z2.A8RT"	0.0682183852311635	0.00659666628155046	0.229570226571465	0.289985263410837	0.220358127957599
"TCGA.Z2.AA3S"	0.0776160334623167	0.0809287227977493	0.014204066311743	0.233477778887524	0.123886902786227
"TCGA.Z2.AA3V"	0.0456239763223683	2.73194326747099e-13	0.23329749876709	0.0838623813019359	0.0790334436575153
