"ID"	"S01"	"S02"	"S03"	"S04"	"S05"	"S06"
"TCGA.3N.A9WB"	0.419054365061813	9.11394201536137e-15	0.0091763986952265	9.11394201536137e-15	0.0141167562709354	0.0655505469391345
"TCGA.3N.A9WC"	8.74290790860086e-06	0.168030449108675	0.128257910913047	0.413727990946108	0.130128461489059	0.0657358828929487
"TCGA.3N.A9WD"	0.270277850065977	0.0745652910975286	7.74652360906017e-15	7.74652360906017e-15	0.500169716285047	7.74652360906017e-15
"TCGA.BF.AAP0"	0.0576631227148312	0.110474708663871	0.164264479741529	0.311688795116946	0.164573048386959	0.0469655487431715
"TCGA.D3.A1Q1"	0.0145539064203572	0.0152971272624145	0.0375448411084967	9.29037568947917e-15	0.019070422029794	0.3135924904222
"TCGA.D3.A1Q3"	0.0109612331840397	0.172468349971239	0.184323853361514	0.230310966077242	0.0678454917838	0.252063556523816
"TCGA.D3.A1Q4"	0.0370883585304587	0.275593452531505	0.321246851818861	1.07073597286484e-14	0.116202443716235	0.242324302186501
"TCGA.D3.A1Q5"	0.145140454143235	0.196887077213014	0.179033211904992	7.22939546172692e-15	0.233209817479201	0.234724196179699
"TCGA.D3.A1Q6"	0.250687597655822	4.37314818101539e-10	0.253453880889918	0.0511478847450507	0.227779562007499	0.023254565751634
"TCGA.D3.A1Q7"	2.41535115845615e-05	0.293936553135314	0.219498451961063	0.309917565509499	0.122349240519028	0.0542740353634896
"TCGA.D3.A1Q8"	0.0266007601655219	0.321284926250989	0.405367392527529	0.00527385539144611	0.116353212844621	0.12481171819415
"TCGA.D3.A1Q9"	0.184522795660438	0.0132879393780582	0.102757464193782	0.170184723625887	0.0902044145336651	0.143413378109707
"TCGA.D3.A1QA"	0.064123672483844	0.0483925373382298	0.0468209674100286	0.166351727549049	0.105130989751551	0.200904129990079
"TCGA.D3.A1QB"	0.0474521602829712	0.0732480473064528	0.0329774333310682	0.429129376727582	0.0973304169186742	0.149008044685394
"TCGA.D3.A2J6"	0.144919426452022	1.1235516128349e-14	0.0556672042851871	0.150787383855067	0.0662331574247544	0.162105353523154
"TCGA.D3.A2J7"	0.0473806421746871	0.0847622402090211	0.375122821474685	0.234619846257572	0.140147021644287	0.103400761419528
"TCGA.D3.A2J8"	0.0815348070263359	0.050563655358521	0.312782830388263	0.374898418810675	0.0454346853133018	8.94915779732773e-15
"TCGA.D3.A2J9"	0.063900574058679	0.237938719227748	0.0813628201277291	0.422582646823256	0.159237495728169	1.11692357133342e-14
"TCGA.D3.A2JA"	0.117257792586087	0.139105318336508	0.399745421591146	0.158286720996858	0.0711303708550089	0.114474375634372
"TCGA.D3.A2JB"	0.0340806448948022	0.170421397425409	0.0483511370664518	0.371668839860649	0.24052883025243	0.0496217278139719
"TCGA.D3.A2JC"	0.173424965528058	0.083278288561323	0.274525585550636	0.199769707384019	0.159181611255742	0.039507903972264
"TCGA.D3.A2JD"	0.0433965333487005	0.104942784008293	0.0805337181038709	0.0546237815526968	0.0911195743142665	0.0833121556979229
"TCGA.D3.A2JE"	9.32975738566102e-15	0.00964666470744882	0.0455703350564227	9.32975738566102e-15	0.0568228618377652	0.301490729288138
"TCGA.D3.A2JF"	0.0656020220013796	0.216535289889022	0.0773123154141246	0.24692751988972	0.0585334307369912	1.11495336019212e-05
"TCGA.D3.A2JG"	0.048186857979773	0.105162709908843	0.0764998236495018	3.04196508123762e-10	0.0414496833196214	0.126955635640702
"TCGA.D3.A2JH"	0.0104354529391442	0.154230476062085	0.0597785644153316	0.485608677845885	0.111713037747938	0.143284544385161
"TCGA.D3.A2JK"	0.199976796996371	7.1832855069007e-05	0.0137392063875033	0.00236234584006293	8.32054764073699e-15	0.0188425683461477
"TCGA.D3.A2JL"	0.036007290420663	0.0414693757401672	4.75017582567695e-05	0.208274855668565	0.0190440181398098	0.0827543539274199
"TCGA.D3.A2JN"	0.247232415077687	0.0362457675483072	0.164887516090981	0.0315739187896334	0.113648145058889	0.090960409794618
"TCGA.D3.A2JO"	0.0576053024089061	0.0472945103210266	0.133321687061126	0.477618483616601	0.121577662422259	0.0646580478210155
"TCGA.D3.A2JP"	0.197379197141419	0.257477319332614	0.0551206403476395	0.0675167309206848	0.0530485698280182	0.0144365286122895
"TCGA.D3.A3BZ"	0.186977586002414	0.224129061326071	0.320767376865734	0.0924078638917931	0.168739796604269	5.75463404765932e-05
"TCGA.D3.A3C6"	3.8603992437615e-05	0.122870940902168	0.138959984958174	0.136627356630088	0.0574899107470836	0.321870533981829
"TCGA.D3.A3C7"	0.180713431141352	0.165630354295319	0.225969871556367	0.0483507544754868	0.117371887119733	3.67371140692186e-09
"TCGA.D3.A3C8"	0.459122100838614	0.000250593357544592	0.0762532918377249	0.291191141675064	0.162995282811125	7.72548688023982e-15
"TCGA.D3.A3CB"	0.0193889114264311	0.193378078851969	0.11060647353232	0.419047237372894	0.113643409624659	0.117969333169739
"TCGA.D3.A3CC"	0.502944031341389	0.0676155032391544	0.0481108150336312	9.94572934516192e-15	0.129052035222265	0.176372844379384
"TCGA.D3.A3CE"	0.0894117190074213	0.272964374301863	0.0617875171268569	0.190345874391566	0.228191885851623	0.12272312479591
"TCGA.D3.A3CF"	0.0432721247625528	0.200043658591724	0.272613172807127	0.255779374736958	0.195682537846073	0.0326091312555399
"TCGA.D3.A3ML"	1.08324426124518e-05	0.0485770090165763	0.059587355237349	0.00633223580476284	0.0218342718083323	0.159822722029835
"TCGA.D3.A3MO"	0.0272289012234883	0.0482838587170713	0.330956084832498	1.09676657036476e-14	0.0797989018217913	0.325787290720574
"TCGA.D3.A3MR"	0.0304670737205392	0.12198372525616	0.119397070818931	0.256048090014432	0.0826211138277805	0.0212242945362184
"TCGA.D3.A3MU"	0.0373042259329033	0.122267619706534	0.398325778575443	0.0370384013522523	7.94613619722501e-09	0.23278690386182
"TCGA.D3.A3MV"	0.0927925792717875	8.47243097284443e-11	0.255850924914452	0.0341612370882914	0.117180095590713	0.306636488276397
"TCGA.D3.A51E"	0.143825070357271	0.0528282016911111	0.0918723572357435	0.313319320967329	0.134306132230445	0.0259717224158633
"TCGA.D3.A51F"	0.0415310661489857	0.133615745226283	0.277737109980195	0.345626833780023	0.162291006313597	1.06393668546109e-14
"TCGA.D3.A51H"	0.0272944782632391	0.191927988441324	5.88196222312392e-06	0.317434734013196	0.22857030394495	1.00275740608229e-14
"TCGA.D3.A51J"	1.14090017479487e-14	0.234332626589029	0.0926488550892302	0.333840196726547	0.114710593265981	0.0787015856530272
"TCGA.D3.A51K"	0.014093855528793	8.17684751289087e-15	8.17684751289087e-15	0.0574507456097515	8.17684751289087e-15	0.105063641781268
"TCGA.D3.A51N"	0.0587430298863868	0.194773079375604	0.0614120406645132	0.196536674455361	0.101751917645194	4.84529716142572e-10
"TCGA.D3.A51R"	0.0501356250968561	0.0274568848110514	0.0636622276208025	7.79726973862045e-15	0.089795371984278	0.467286402797965
"TCGA.D3.A51T"	0.0592340019960441	0.101025529457958	0.116678767712368	0.112963019953332	0.232451991172024	0.0387067942802588
"TCGA.D3.A5GL"	0.0362462681138987	1.0510971683291e-14	0.228296572708341	1.0510971683291e-14	0.0205248625224062	0.197511399305835
"TCGA.D3.A5GN"	0.0951802764314607	0.0733636095191114	0.32173012884718	0.14262883155686	0.121445587015538	0.238870749625451
"TCGA.D3.A5GO"	0.028327086999808	0.103774148702744	0.129280870942349	0.274008732085216	0.00569911223197333	0.0776118565986717
"TCGA.D3.A5GR"	0.0430208025156552	0.210431274611733	0.322123512149546	0.151165756085823	0.158127974871394	0.111124315440732
"TCGA.D3.A5GS"	1.27403055850355e-14	0.177982879365486	0.184268706389771	0.146597429059435	0.0996936369556589	0.263621743393182
"TCGA.D3.A5GU"	0.00493848402681761	0.194934088626306	0.00267426146581317	0.089908407403994	0.0839118265192372	0.211764523152778
"TCGA.D3.A8GB"	0.0634386345837463	0.17035363607762	0.0704278247277036	0.123203056993937	0.189929052088756	1.1961123298058e-14
"TCGA.D3.A8GC"	0.0922661360876572	0.0816718858398038	0.191937430705286	0.0255458273769282	0.0863872320517294	0.249877288709432
"TCGA.D3.A8GD"	0.0471484870063073	0.097388388268775	0.00667936230332706	0.525168800833441	0.205771364345989	0.0141747116970102
"TCGA.D3.A8GE"	0.000349065522775038	0.424248837470019	0.325100077892096	0.0205689135207862	0.151748575791886	0.0525578054842183
"TCGA.D3.A8GI"	0.0440092863616605	0.0569351060232407	0.161985042387245	9.70103798739345e-15	5.09541880976228e-08	0.0827777581512797
"TCGA.D3.A8GJ"	0.00274533592786693	0.0437559997746545	0.0687542746202966	0.412824940311987	0.131037725605938	0.0148763599672664
"TCGA.D3.A8GK"	0.0801549882188219	3.96838455666802e-12	0.0837486975569948	9.67995486169968e-15	0.022009887357575	0.199975457702753
"TCGA.D3.A8GL"	0.0295553998718207	0.0608639910408226	0.0678268343115454	0.00132819447944913	0.0398796161015256	0.316398588317996
"TCGA.D3.A8GM"	0.0342167918441275	0.0374156587546983	0.186057796045137	0.361756233115927	0.11588619865072	0.232587456675035
"TCGA.D3.A8GN"	0.0093841824880939	0.104255787152131	0.0724257536076919	0.213143687764554	0.276661042421491	0.0426773259420002
"TCGA.D3.A8GP"	1.07467974212995e-14	0.0180311124392563	0.0757472400896707	1.07467974212995e-14	0.094686672757624	0.140942518678897
"TCGA.D3.A8GQ"	0.0149228655107118	7.97398091100114e-11	0.19560887169789	0.000287997724365868	0.0300746382122431	0.353996180901264
"TCGA.D3.A8GR"	0.0327246552131546	0.0294180046346774	8.39362691531364e-15	0.000113061250497385	0.0185867134046563	0.0237990505440124
"TCGA.D3.A8GS"	0.0255861633733619	0.0533223278338545	1.12883877746906e-09	0.2503950130023	0.0367995069135566	0.0880876305644593
"TCGA.D3.A8GV"	0.0605293521238798	0.0828035976232579	0.036145690891932	0.0217866771138234	0.0164681497324228	0.217499245430766
"TCGA.D9.A148"	0.0821467511795847	0.0439584178956986	0.0642306684653823	0.109162051268239	0.150359355649429	0.234228570230141
"TCGA.D9.A149"	0.0977374944893033	0.0481568230667786	0.102955555788137	0.393490606184231	0.0239091776650987	0.0906954291549623
"TCGA.D9.A1JW"	0.278176172047154	3.45717601620172e-06	0.0484363650933533	0.252787732297129	0.167304563826239	0.0133110920538872
"TCGA.D9.A1JX"	0.0221542773062143	0.0778062620046791	0.12626647570206	0.327888396440023	0.0692598756437953	0.235878487099795
"TCGA.D9.A1X3"	0.0772665810209324	0.119470256620734	0.162571341837827	1.06314824572521e-14	0.0366548717065327	0.266532341261504
"TCGA.D9.A3Z1"	0.0444526865874081	0.0856992205932185	0.070095256101961	0.353146734665514	0.106771227055686	0.116983418518313
"TCGA.D9.A3Z3"	0.066803031873919	0.0689711529683801	0.170779327225177	0.162804657520913	0.1893028253112	0.170000206938277
"TCGA.D9.A4Z6"	0.10310698446913	0.106252751042958	0.0667007043431575	0.0124197417809028	0.20584978208836	0.257948234177922
"TCGA.D9.A6EA"	0.0606983491280617	0.0761238613261825	0.181441794686596	0.080161006685248	0.0244757423011008	0.275883428112539
"TCGA.D9.A6EC"	0.0866234055846983	0.00188349906271465	0.126285071886591	0.0948716711773336	0.0922123522380513	0.234796651407208
"TCGA.D9.A6EG"	0.10203911629346	0.0232498364262054	0.13979696409123	0.00255525693459078	0.0369902634261226	0.301254287047609
"TCGA.DA.A1HV"	0.475940725990093	0.0230342094841457	0.0209422372617681	0.260819124987095	0.160936273441803	9.56953564993206e-15
"TCGA.DA.A1HW"	0.0497779023018677	0.102220985141012	0.0977028484784363	0.342742921503309	0.160972577397277	0.200140587119428
"TCGA.DA.A1HY"	0.0961615951801398	0.0590715335326325	0.434980661548321	0.0413927501654706	0.113852078926219	0.139852031037731
"TCGA.DA.A1I0"	0.0128307463055602	0.0059871909005694	0.120506203610163	0.0394499749279301	0.0095488602451501	0.0748297414703239
"TCGA.DA.A1I1"	0.00760322050590884	0.236494175355992	0.400787660902425	0.201312967698842	0.114316208901759	0.0387594901686941
"TCGA.DA.A1I4"	0.0574508556246854	0.171523616180501	0.321496303944879	0.117211093499512	0.087577156137347	0.0750360746104866
"TCGA.DA.A1I5"	0.18016094543837	0.165698286453808	0.156215784712361	0.196503438226856	0.182107688599248	0.00872487201572912
"TCGA.DA.A1I7"	0.107316769289552	0.0790346174976718	0.429489026059077	0.033642999681876	0.0599073100073273	0.149632719337152
"TCGA.DA.A1I8"	0.120814966307443	0.109088666337643	0.266980537748486	0.0419711916891835	0.217039239583366	0.118696072999537
"TCGA.DA.A1IA"	0.0925460126340204	0.00782692253976852	0.0142131890214315	8.81238514567842e-15	0.0260381258236987	0.108735513642742
"TCGA.DA.A1IB"	0.499653222186317	0.0719600821957246	0.00345195953681275	0.201577195309431	0.222989265311699	7.52445090447076e-15
"TCGA.DA.A1IC"	0.52968692952935	0.072129239664096	0.131040973057472	0.00544972038458066	0.0651333914276167	0.0718451072031254
"TCGA.DA.A3F2"	7.63931875064412e-15	0.144499327592028	0.104671532578361	0.230498216717512	0.0120784648786458	0.0306280147578172
"TCGA.DA.A3F3"	0.0520100424843273	0.147015755385694	0.0472248683446836	0.0274354652888097	0.101860083539463	0.30764760056247
"TCGA.DA.A3F5"	0.12252288010988	1.19302117568936e-12	0.236945917750669	9.9696043043661e-15	0.114660746821138	0.164562018099452
"TCGA.DA.A3F8"	0.05880022932864	0.220633657607752	0.139871754015687	0.469034045871408	0.0798844612406796	1.95624499872646e-07
"TCGA.DA.A95V"	0.0444769318015644	0.024132492119035	3.20849209979503e-08	0.0617692089407282	0.0529992662756771	0.0954268620604786
"TCGA.DA.A95W"	1.07904195822428e-14	0.0832727307331777	1.67271889829192e-06	0.0186138190159009	2.37687969309927e-09	0.200323165665693
"TCGA.DA.A95X"	0.0247028163996647	0.105063977704588	0.294515658102562	0.172230029120563	0.112414549291319	0.201950755755471
"TCGA.DA.A95Y"	0.0131929058960605	1.0045914034718e-14	0.0371456740382458	0.0268368382799295	0.0397794011610012	0.195589581322521
"TCGA.DA.A95Z"	1.04283667201981e-14	0.0760414263929849	0.00627525499947406	1.04283667201981e-14	0.0506414081094793	0.207926841168455
"TCGA.EB.A44Q"	0.0787787703522614	0.104855710712997	0.0260074268018598	0.389452938059857	0.142573598705356	0.0911435137315479
"TCGA.EB.A44R"	0.099262125342763	0.0292716569143976	0.0714969061347989	0.0451418539222537	0.212721698266896	0.357267980090102
"TCGA.EB.A5KH"	0.0182025497243512	0.0516770257299297	0.026649567566779	8.82351937626648e-15	8.82351937626648e-15	0.145606013012135
"TCGA.EB.A5SG"	0.00723135157492922	0.107159175851549	0.0205877543967787	0.476883350399095	0.0752207549443704	0.0283138599002013
"TCGA.EB.A5SH"	0.00708695342998773	0.051889414453318	0.0126642754915424	8.70618557392212e-15	8.70618557392212e-15	0.214825372188905
"TCGA.EB.A5UL"	0.057395670628844	0.0201585854351881	4.31038554205703e-07	0.226432850818177	0.143616868978374	0.154651486921344
"TCGA.EB.A5UN"	0.181167169996439	0.0870033624372975	0.237588235060789	0.0516739108070573	0.188022387206953	0.061886133203225
"TCGA.EB.A5VV"	0.0347837041037328	0.331952959823723	4.36916968981262e-13	0.244783212588644	0.179398612214315	0.00459021344652635
"TCGA.EB.A6L9"	0.0551263814492594	0.113657952207314	0.0547252663713986	0.227232928921168	0.0926313373229198	0.0411463918296011
"TCGA.EE.A17X"	0.0323076121173146	0.0199649127590382	0.0980199756192273	0.0311775600155203	1.48721134669464e-06	0.131368908742066
"TCGA.EE.A17Y"	0.208802853195096	1.01681265989195e-14	0.326722621778553	1.01681265989195e-14	0.0615976597378687	0.184785058738657
"TCGA.EE.A17Z"	0.39874692627935	0.00660199016775867	0.0284132280508495	7.72524873977723e-15	0.0609547803760416	0.164539228257097
"TCGA.EE.A180"	0.0419064315092125	0.041673343923725	0.0752555675553631	0.192018537344354	0.0122954689518793	0.270822142281202
"TCGA.EE.A181"	0.0239666763676671	0.10678849657555	0.0699150953901417	0.454393325266132	0.115255113132003	0.133858152343227
"TCGA.EE.A182"	0.4564289507103	6.20530629499378e-15	0.0162203154319143	1.86830521721381e-11	0.0135317995366198	6.20530629499378e-15
"TCGA.EE.A183"	0.0563094728328771	0.100328131549441	0.124962911389195	0.160287758065869	0.0771798953152953	0.101006069125379
"TCGA.EE.A184"	0.136422365651222	0.0291378219232714	0.10559223771981	0.0929888383217384	0.0488225177027719	0.178048957291617
"TCGA.EE.A185"	0.388562039399149	8.25170726691051e-15	0.0321394280661407	8.25170726691051e-15	0.0614097826990645	0.0396757944323451
"TCGA.EE.A20B"	0.0908223963289874	0.296663361648953	0.303512879625328	0.0104668164763795	0.118980739340241	0.107918411733693
"TCGA.EE.A20C"	0.00955684747739937	0.104899703332219	0.0571321773225304	0.0368944021913204	0.0224516515185799	0.150685251628069
"TCGA.EE.A20F"	0.0687879555573989	0.0685661934590237	0.10149135718032	0.363603814392499	0.112051947525497	0.174669889414745
"TCGA.EE.A20H"	0.404084268049305	0.038567091439071	0.0376998060002237	7.77460553585439e-05	0.23820991217857	0.208063634633181
"TCGA.EE.A20I"	0.000389011068663565	4.0602888443653e-14	0.244182625321457	0.17040126218855	0.0629744744768928	0.258134515719861
"TCGA.EE.A29A"	0.0557795844183173	0.115749562665445	0.292159793483074	6.91511280990595e-09	0.0529373477419502	0.226959873825961
"TCGA.EE.A29B"	0.0252637339267188	0.0327556730958386	0.0163568832479698	0.0296130413315445	3.69522644752395e-08	0.216546500510891
"TCGA.EE.A29C"	0.202312819774601	0.12867261451691	0.273298098984084	0.000864375064749044	0.0774957591397808	0.156426323302848
"TCGA.EE.A29D"	0.104446827438509	0.105740016824001	0.195572388552307	0.00529251806186806	0.0835873933885518	0.344328516429559
"TCGA.EE.A29E"	0.0219642856088203	0.00995564538367528	0.214238651758806	0.0439573110983663	0.0477795495011979	0.184132073372147
"TCGA.EE.A29G"	0.667313883188471	0.0560304390461213	0.00326452974336812	5.1607604165251e-15	0.268709146895451	5.1607604165251e-15
"TCGA.EE.A29H"	0.359896453576195	1.25622948727024e-14	0.0573810576384751	0.0492490236966236	0.222190242099227	0.0331655564094032
"TCGA.EE.A29L"	0.198183285110229	8.03361857787509e-08	0.0163616124866532	7.89527160614378e-15	0.0742911064848039	0.0875965983086591
"TCGA.EE.A29M"	0.0502088235563287	0.0352039615126052	0.0742886872712129	0.258820420185448	0.122555711158839	0.2262975618378
"TCGA.EE.A29N"	0.0766647417573885	0.038802739713282	0.199480528764951	0.366506727156798	0.210205019046106	0.10834024356145
"TCGA.EE.A29P"	3.3808825290516e-10	0.0925148426106029	0.0767056518047289	0.492239427378306	0.102420379673963	0.15300368343082
"TCGA.EE.A29Q"	0.0698605044202228	0.101937992469049	0.117895328242346	0.00836205929736059	0.0958755048434507	0.277028142799593
"TCGA.EE.A29R"	0.0868983475124326	0.216798937816074	0.20019791092423	1.19031149498535e-14	0.191013927188109	0.167555024256479
"TCGA.EE.A29S"	1.46099723698699e-11	0.0947992374118835	0.291813980090077	0.0411854993862674	0.0373362785412961	0.293385749220764
"TCGA.EE.A29T"	0.0286312094485063	0.205415630946738	0.10416510205003	0.196199250044216	0.0874300524286964	0.18702917510072
"TCGA.EE.A29V"	0.524648133199222	7.93434169334831e-15	0.0392558964006613	7.93434169334831e-15	0.00818122350153851	0.0328704238824224
"TCGA.EE.A29W"	0.000986231853242145	0.266471660423159	0.224713203057272	9.70365841971661e-15	0.0419097342276726	0.412966387149289
"TCGA.EE.A29X"	0.0235902412657087	0.0375039919327244	0.214302995159399	0.27465473267139	0.0686019329972335	0.123976131641229
"TCGA.EE.A2A0"	0.0254682308238336	0.443650929173814	0.187283322756382	0.115037583632589	0.0443026550863501	0.157862459344936
"TCGA.EE.A2A1"	0.0185047513145675	0.34509263503712	0.258764313122068	0.167952510789014	0.163691163258855	0.0459945640570981
"TCGA.EE.A2A2"	0.0502880933158744	0.0310520109346549	0.0897085453502143	0.191832533197844	0.0396931491110135	0.146313791531656
"TCGA.EE.A2A5"	1.3033642397348e-14	0.239789622029206	0.123325306719992	1.3033642397348e-14	0.0236440604137507	0.475710218402959
"TCGA.EE.A2A6"	0.0996497315947579	0.0948334036211604	0.176898802027776	0.321134913650506	0.0767252458150343	0.132278922924248
"TCGA.EE.A2GB"	0.0475909966335661	0.105996647620099	0.076736357191659	0.0690571002111649	0.186817885576417	0.298079094507678
"TCGA.EE.A2GC"	0.0133256136044529	0.24682489395086	0.145530275649831	0.282564877932641	0.0677937211892616	0.190460291441379
"TCGA.EE.A2GD"	0.174057261535164	0.210215663386311	0.425987864008925	0.0278332815847661	0.126818224331592	0.0350877048596712
"TCGA.EE.A2GE"	0.0671721007327311	0.230635554083607	0.317225237879657	0.149648813344708	0.217746340075849	0.0173541397901583
"TCGA.EE.A2GH"	0.0656764509184498	0.124504669545711	0.167511881170886	0.139039239435117	0.189367820250201	1.97284433307354e-07
"TCGA.EE.A2GI"	0.0120771208027786	0.0402029445112461	0.0456716763823369	0.36368263111183	0.12131070288741	0.157262634860684
"TCGA.EE.A2GJ"	0.00755254341257063	0.151303644996928	0.206463985515698	0.257031403140907	0.0841347021263284	0.227748115930132
"TCGA.EE.A2GK"	0.0813597385067338	0.281334299330715	0.0418573591734374	0.259810804384891	0.253315967841307	5.34399518504889e-08
"TCGA.EE.A2GL"	0.0352353060312742	0.239724701183024	0.137511711882062	0.178229220357896	0.264619435709855	0.0917622865388767
"TCGA.EE.A2GM"	0.065846968191415	0.0840892104556045	0.0752926370498947	1.15390916502983e-14	0.0419040876305299	0.25297235047674
"TCGA.EE.A2GN"	0.00938193574284296	0.121760499554623	0.218990272887835	1.34446457590892e-14	0.108918348798513	0.381960965134563
"TCGA.EE.A2GO"	0.242315686071651	0.0308649091405115	0.287466269411661	9.14430130061865e-15	0.0681126849367878	0.0774905514102383
"TCGA.EE.A2GP"	0.082229116254455	0.288918325495504	0.337173148741063	0.0818393795239941	0.11301540498478	0.0968246250001771
"TCGA.EE.A2GR"	0.13676012319993	0.0892934808392657	0.0972730857636836	9.98955369127525e-15	0.0236906733263281	0.186061729916721
"TCGA.EE.A2GS"	0.0530596939300983	0.186725036169345	0.0551940295935778	0.180023448011036	0.0815241347265228	0.233756046015748
"TCGA.EE.A2GT"	0.0945189252639468	0.127290870228203	0.0838279003444661	0.215664881063449	0.124313728467079	0.121890807578087
"TCGA.EE.A2GU"	0.0346010067181871	0.0711740024497502	2.44045863950422e-05	0.338630146792935	0.104828472010197	0.275647702819723
"TCGA.EE.A2M5"	0.401874939411279	0.0035548488598397	0.244800060555735	0.0805084516896341	0.0802333243164454	0.00871516377960177
"TCGA.EE.A2M6"	0.0518779072405428	0.0197906476965008	0.133847230921126	0.175456778159141	0.0536327636221814	0.261964639081994
"TCGA.EE.A2M7"	0.00330990963058721	0.404276418568694	0.0933436382903583	0.0568252452885925	0.129099955808329	0.268853619524993
"TCGA.EE.A2M8"	0.00946152042756396	0.262664932952046	0.107763852008034	0.422543042391476	0.178327396912693	0.0192392540159272
"TCGA.EE.A2MC"	0.185445605289616	0.038956823741321	0.370577352610671	0.244639556456821	0.155430063676091	0.0012650995288672
"TCGA.EE.A2MD"	0.0799036579139441	0.102447138496608	0.0482091844615175	0.0309364429260442	0.257285304003751	0.217123668306554
"TCGA.EE.A2ME"	0.00808044812108296	0.406633325614399	0.13310806430442	0.251012051552192	0.157930448839094	0.0432356615687921
"TCGA.EE.A2MF"	7.5074012399881e-08	0.0916445243799993	0.0525434864414111	0.258915550522528	0.0281099756947174	0.245951480984633
"TCGA.EE.A2MG"	0.0251710220465102	0.275347129085331	0.275971964708807	0.144238045319861	0.240514678622713	0.0387571602167555
"TCGA.EE.A2MH"	0.19047784211278	0.175855767294719	0.0262053747782062	0.251267192216639	0.134057415040319	0.0533985059595128
"TCGA.EE.A2MI"	0.0107152980057526	0.192009206773868	0.434820725757453	0.104829895925349	0.0902206885469038	0.151026019657863
"TCGA.EE.A2MJ"	0.0831710735020453	0.248563741498357	0.0150938701223219	0.397625987504709	0.182018830096293	0.0584230143975956
"TCGA.EE.A2MK"	0.099366055611798	0.24770560425069	0.13824964389592	0.298746742564723	0.085137507564988	0.0370795450859564
"TCGA.EE.A2ML"	0.115639673902851	0.200168609254776	0.168914972722098	0.195117277739163	0.163791265913153	0.0522899532702252
"TCGA.EE.A2MM"	0.0430255751890259	0.128611558123591	0.130356763022085	0.161991767445553	0.0849881493639425	0.0878363818076412
"TCGA.EE.A2MN"	0.0164348371954719	0.131611606329352	0.0245199456115406	0.260872911833985	0.0430709679972862	0.215589448161335
"TCGA.EE.A2MP"	0.21570437496587	0.153402873600446	0.0423695818006311	0.165563104121575	0.174104844336203	0.134305972463383
"TCGA.EE.A2MQ"	0.055005084210371	0.121639761286967	0.217712172642002	0.135942837540308	0.0875734236171284	0.214579159186989
"TCGA.EE.A2MR"	0.0328631331087839	0.1616610001092	0.360083374187331	0.193748332643309	0.158206896887986	0.0934372630633709
"TCGA.EE.A2MS"	0.11669753425036	0.114888222177102	0.127063721795914	0.0249812907725638	0.144516736310156	0.352404805258676
"TCGA.EE.A2MT"	0.195550109656496	1.08826480605924e-14	0.281777342065982	0.0152433304775961	0.0886236471730971	0.150699842959645
"TCGA.EE.A2MU"	0.035625297744164	0.0320362265896236	0.149854607930778	0.457090465298458	0.0831018317766415	0.10391025320348
"TCGA.EE.A3AA"	0.35464792849175	0.117325201290126	0.125702297059982	0.251534767745073	0.133507212767068	0.000718105033192808
"TCGA.EE.A3AB"	0.170818572493721	0.11039990183358	0.246100080547897	0.0908580380181568	0.163578399862194	0.0568305073843226
"TCGA.EE.A3AC"	0.221812765087347	0.0412637723049316	0.135421822618279	0.282541925110846	0.127111790698528	0.0348677998863536
"TCGA.EE.A3AD"	0.47791798296743	0.0780397346252479	0.0672952090653424	9.47985254278207e-15	0.129239646819796	0.0205561419535147
"TCGA.EE.A3AE"	0.101344396301743	0.0899293484331459	0.110453838472097	0.339329896496011	0.0294236780696427	0.190409511055446
"TCGA.EE.A3AF"	0.0348669442660796	3.40753264995877e-08	0.17121376850383	0.221459507852351	0.00405140342691759	0.176316282009113
"TCGA.EE.A3AG"	0.31091348534754	0.00871589387166567	0.182562771503642	9.24675338836878e-15	0.159172834292787	0.153044019767585
"TCGA.EE.A3AH"	0.0676204980807728	0.242917319511501	0.158304645824981	1.03209160460396e-14	0.03939479899687	0.26255250931548
"TCGA.EE.A3J3"	0.0629472722278095	0.182655577986907	0.286876393486828	0.160421624472294	0.152090432081096	0.126202250366644
"TCGA.EE.A3J4"	0.00577193217086214	0.0433481025910476	0.0854252955638784	0.0643539215878555	0.0161822231605833	0.102070971404425
"TCGA.EE.A3J5"	0.0119027566249019	0.100682803003353	0.216777786569467	0.272987301072037	0.0402108378863859	0.206893275548305
"TCGA.EE.A3J7"	0.029184101636641	0.00312706460360297	0.103587345556743	0.012331103791046	0.0584717433826825	0.462645538848054
"TCGA.EE.A3J8"	0.0390431807868565	0.101850775490317	0.00996905227343321	8.61409219998615e-15	0.0957557886793878	0.255906183233593
"TCGA.EE.A3JA"	9.7475283530547e-15	0.218084625449111	0.0554797140029443	0.106206332769523	0.0544016398958903	0.261859592278787
"TCGA.EE.A3JB"	0.0502578752728205	0.043342096718376	0.393198742505219	0.197648027354967	0.124342306667639	0.172415231108324
"TCGA.EE.A3JD"	0.0180501684738504	0.17365963220624	0.197067550908004	0.411569948862828	0.170383681785197	0.0132071388169913
"TCGA.EE.A3JE"	0.00577645680807194	0.333422878972838	0.219872743418073	0.260992961068294	0.148838853206625	0.0310961065260771
"TCGA.EE.A3JH"	0.0473285796370012	0.138221492815563	0.0415624820534551	0.463850252229018	0.177795631722434	0.03206972235825
"TCGA.EE.A3JI"	0.0233198084470731	0.166351508470188	0.00727959583964141	0.12125607669962	0.0723879830541481	0.157570823881276
"TCGA.ER.A193"	0.077208231899262	0.288997927414539	0.27313087721143	0.136915547488865	0.121292077622513	0.0868343173026591
"TCGA.ER.A195"	0.262670138947586	0.172436424934744	0.233719205414437	0.11945341567386	0.211520304170147	0.000200510859208175
"TCGA.ER.A197"	0.529876042182276	0.0131280062045385	0.0707487049647636	0.124354508926968	0.187041060514106	9.20686204822869e-15
"TCGA.ER.A198"	0.00165702105823481	0.0818428003149457	0.071601274189898	0.406432370423881	0.0509862988806387	0.204890026412815
"TCGA.ER.A199"	0.0343629558098024	0.149833140528874	0.03865254806959	0.432680290994512	0.0509472038805828	0.143652507423902
"TCGA.ER.A19A"	0.497865463417663	0.0808070543700191	0.233024507016515	0.0887170793027426	0.0995858958930431	5.95778867629189e-15
"TCGA.ER.A19B"	0.135900113902515	0.1559878553598	0.165601076976749	4.47768401917947e-06	0.206278351331032	0.17880168304378
"TCGA.ER.A19C"	0.28653077809123	0.0426896900745196	0.191943807194214	1.27295526159532e-14	0.178934996501454	0.135769595582715
"TCGA.ER.A19D"	0.130811721296518	0.237269788759559	0.297323450305841	0.0065241115868924	0.132547391863125	0.195523536188045
"TCGA.ER.A19E"	0.450651834267945	0.0299940608438289	0.123749588351233	9.64816151976681e-15	0.0669708184777082	0.199835511251747
"TCGA.ER.A19F"	0.0692758592359994	0.0287359432576894	0.172295643112746	0.0510168796036979	0.0557890815716444	0.15772782418326
"TCGA.ER.A19G"	0.0173978536333815	0.0601694857087561	0.0795197257208585	0.476490759280211	0.136025347492817	0.145291906324811
"TCGA.ER.A19H"	0.015309919894582	0.250447154012114	0.15030981639914	0.211225483554321	0.0742978057937395	0.272204863687823
"TCGA.ER.A19J"	0.477749233268167	0.159306411421202	0.145125684990759	1.0914518345633e-14	0.12643469840755	0.0508927555398063
"TCGA.ER.A19L"	0.115218726723756	0.334649096935451	0.120765270143078	1.08657483075609e-14	0.139592555117761	0.1539218807818
"TCGA.ER.A19M"	0.00331372018025819	0.0640414994522192	0.163955611730527	0.408120416100756	0.0760517167805529	0.255665405102439
"TCGA.ER.A19N"	0.481448060743392	0.0467517100102961	0.149452127481798	0.172735578570594	0.149579180255167	1.00078309107336e-14
"TCGA.ER.A19P"	0.0276665833987598	0.239738163777102	0.0784671024160394	0.393777379735764	0.231270855475615	0.00187775236219497
"TCGA.ER.A19Q"	0.0543333698064087	0.0410131795489015	0.284269563577341	0.331975867707616	0.14484207677737	0.0616742195912798
"TCGA.ER.A19S"	0.026336421012741	0.185784663454891	0.0126937323352823	0.551224051688868	0.0590264422818214	0.0749405424291083
"TCGA.ER.A19T"	0.0218811436411291	0.147661959833304	0.130900236386097	0.0572972667490988	0.0430720949854266	0.249113183619211
"TCGA.ER.A19W"	3.87790224743824e-09	0.170281276419096	0.00978247270922943	0.59874734265888	0.087779615453516	0.119419481835839
"TCGA.ER.A1A1"	0.0197985473697099	0.191954308197199	0.0443622048614816	0.343886442692526	0.299930087210462	0.075843056694101
"TCGA.ER.A2NC"	1.66650637015551e-13	0.255922783035956	0.347219888814934	0.0334235905840115	0.135887279163812	0.227546458401101
"TCGA.ER.A2ND"	0.0870868473714935	0.0079397281241421	0.0314443223789387	4.12356729843624e-09	0.0379589178067213	0.0517060335139164
"TCGA.ER.A2NE"	0.299864383557905	0.0852572772910279	0.0661456259140125	1.04746442097007e-14	0.0904525782654447	0.0703583121927308
"TCGA.ER.A2NF"	0.0163054050584677	0.0940189975113197	8.81237504367795e-15	0.0486336279214053	0.0424957246686466	0.161303336939305
"TCGA.ER.A2NG"	0.425712219324608	9.37387823032065e-15	0.123868478072864	0.287587014757189	0.12470165203859	9.37387823032065e-15
"TCGA.ER.A2NH"	0.380536771670318	0.056172908066249	0.140796421633314	0.200797715626775	0.221696183003316	9.40755767858152e-15
"TCGA.ER.A3ES"	0.00293973063686355	0.0738776801581266	6.85293861713244e-15	6.85293861713244e-15	0.00574000513773539	0.158726446976111
"TCGA.ER.A3ET"	0.141638800217056	0.143928058901942	0.27483593279438	0.111433851783411	0.267921162421265	0.0568881177263502
"TCGA.ER.A3EV"	0.1438168674838	0.13242459441013	9.12292147093695e-15	9.12292147093695e-15	0.268515231826351	0.108879945950348
"TCGA.ER.A3PL"	0.0567353148680216	0.154152186982023	0.235509622200629	0.0688025714297956	0.0159654192278439	0.305246823383469
"TCGA.ER.A42K"	0.0180807985401935	0.176760572652494	0.269130997021209	0.026604805827285	0.101983733042686	0.266481386407798
"TCGA.ER.A42L"	0.0483873350584343	0.387840586701623	0.0352861383121034	0.13796773386288	0.307326012630672	0.0818488515653102
"TCGA.FR.A3YN"	0.0141428696607095	0.195679423477731	0.0714783908776208	0.180780518866674	0.124104364227512	0.138660893546957
"TCGA.FR.A44A"	0.0153403248933822	0.117382834644628	0.101617918622679	0.507622121106011	0.117625618910831	0.0620213695675476
"TCGA.FR.A69P"	5.30193075304301e-14	0.235353600816398	0.193654942889387	1.2512461698936e-14	0.10953779870737	0.292649796423166
"TCGA.FR.A729"	0.0260227545770817	0.0863887931920072	0.0572221099748121	0.283102962658679	0.350742957547417	0.126013473416658
"TCGA.FR.A7U8"	0.0779359044609615	1.11746584943409e-14	0.00359775449330242	0.0104144536776115	0.0265366181829857	0.126174594678884
"TCGA.FR.A7U9"	0.0215789811991231	0.0786887944487316	0.367500580772988	0.240617701864967	0.0663559842783778	0.0511074435881907
"TCGA.FR.A7UA"	0.0116736661100329	0.12844749328209	0.0527893830919636	0.523644353387	0.206236831278145	0.0116206352779357
"TCGA.FR.A8YC"	0.0295502352355691	0.121630604722912	1.13866384892133e-14	0.0196987301233962	0.219299822178067	0.0797273828623894
"TCGA.FR.A8YD"	0.117408353616912	0.00843160529566387	7.64752159770668e-15	7.64752159770668e-15	0.420561590390178	7.64752159770668e-15
"TCGA.FR.A8YE"	0.0360449610604993	0.396074176016853	0.190178013523185	0.095287964479334	0.282254464289022	0.000160420631085842
"TCGA.FS.A1YW"	0.127359711488798	0.281581207184494	1.13849863324278e-14	1.13849863324278e-14	0.0959637515925456	0.128589968238634
"TCGA.FS.A1YX"	0.0579319526133521	0.17749227394766	0.355589320894161	0.0899581682291905	0.116113196451083	0.144650222028122
"TCGA.FS.A1YY"	0.0896054971912303	0.137473480731934	0.211692284993015	1.23371423160478e-14	0.106982877350345	0.097638776611338
"TCGA.FS.A1Z0"	1.28657166404592e-14	0.169402847041344	0.123987407450037	0.330979880110244	0.0298899709080001	0.307203721955992
"TCGA.FS.A1Z3"	0.058177883519344	0.137621481841725	0.0714706277685227	1.28857303722252e-14	0.153344051735833	0.33339973461577
"TCGA.FS.A1Z4"	0.0453227337713667	0.169433702272724	0.135112954343412	0.373682315736087	0.15954429560748	0.116903998268909
"TCGA.FS.A1Z7"	0.0102537900751987	0.388990027309254	0.346853148722078	1.19849086725061e-14	0.114271228123116	0.139631805770317
"TCGA.FS.A1ZA"	0.502239840125748	0.0152705506180788	0.153877563138987	0.0420079603729385	0.137166493801329	0.0248210082569794
"TCGA.FS.A1ZB"	0.632020782930149	0.0444940578587385	0.129037438060696	0.0155334592275686	0.175796187603499	7.13101260797196e-15
"TCGA.FS.A1ZC"	0.0821679779085319	1.88971281881533e-14	0.199817021049309	9.74064887774438e-15	0.0802540682733619	0.360459822920808
"TCGA.FS.A1ZD"	0.0190416227914576	0.133570923555273	0.31839771214131	9.06593597783808e-15	0.0658823602662379	0.439795358467362
"TCGA.FS.A1ZE"	0.291698143759364	0.106502478173498	0.0450070462360894	1.00370806795899e-14	0.09105702899439	0.168085053619203
"TCGA.FS.A1ZF"	0.0254485884269468	0.0521338891332411	0.115708120277648	1.28399668021074e-14	0.0431946601123661	0.388767744106421
"TCGA.FS.A1ZG"	0.00531294337759457	0.0854401020448687	0.0752957549640075	0.0133929656756486	3.33864381332047e-07	0.288269978386302
"TCGA.FS.A1ZH"	0.0585324603001185	0.241913061535596	0.384328543752957	0.0552005249001942	0.17079648918526	0.0772005961557138
"TCGA.FS.A1ZJ"	0.153675751838859	0.0692709636196486	0.0405320981250362	1.09100483517886e-14	0.0778397568638779	0.371887000213644
"TCGA.FS.A1ZK"	0.108885474479062	0.0182958914779383	0.13186698369226	1.21490212770162e-14	0.104118676229064	0.384211070959746
"TCGA.FS.A1ZM"	0.490839647875767	0.0988030713555312	0.191740746431453	0.0331322584478174	0.185484275889403	9.64577078277603e-15
"TCGA.FS.A1ZP"	1.11210527006335e-14	0.433805981645571	0.0319241611946322	0.0468426214006808	0.0235485172281972	0.297662098986291
"TCGA.FS.A1ZQ"	0.198264882358233	0.0792348558409028	0.0569677851303909	0.0136430508469378	0.357692695157409	0.167388408131991
"TCGA.FS.A1ZR"	0.500171645194564	0.129184526211537	0.0174714890918088	0.001322280479693	0.228623565970652	0.0991088362391448
"TCGA.FS.A1ZS"	0.127546871370685	0.0875815907979285	0.523494853776015	0.0386230390395498	0.0067432381161897	0.176942358252185
"TCGA.FS.A1ZT"	0.0235867301212924	0.280476944660177	0.0914143782093631	0.246766693171098	0.0510971495469909	0.227465680878182
"TCGA.FS.A1ZU"	0.0505901983359255	0.0964696317290142	0.00618422573315503	1.01116770998375e-14	1.94097540846085e-05	0.242704446904897
"TCGA.FS.A1ZW"	0.00672072588809062	0.210933708086565	0.0112560808086075	0.322960640046135	0.088047883390664	0.142330621049326
"TCGA.FS.A1ZY"	0.0127183322254111	0.0297859319416933	0.0370618346235354	1.04572817125902e-14	0.0174837358567364	0.175117649304276
"TCGA.FS.A1ZZ"	0.429467215343076	0.067437878381556	0.0307999536870077	0.043062676702098	0.0614951913581969	0.000928531421559902
"TCGA.FS.A4F0"	0.0319397595941458	0.0868326505315461	0.0236437437456859	0.115229090963472	0.0949812728765192	0.232541016476638
"TCGA.FS.A4F2"	0.0499944799429797	0.0450080254858437	0.175930157903707	1.71259374235483e-07	0.0551212644686783	0.126245836938201
"TCGA.FS.A4F4"	6.49052615430494e-11	0.0242349105284138	0.139740616074255	0.032575448954644	1.19906066400764e-14	0.106923441844009
"TCGA.FS.A4F5"	0.0875443374834523	0.177096357912649	0.205171181541947	1.17129113039771e-14	0.0507249790431804	0.178897164232992
"TCGA.FS.A4F8"	0.140706944550366	0.360042353342783	0.193127112968277	0.115291294093875	0.159444297922641	0.0173436232980321
"TCGA.FS.A4F9"	0.0169075419828788	0.0621464701892995	0.0159288064397228	0.00285778277316806	0.0224886615285814	0.265368768545344
"TCGA.FS.A4FB"	0.13788872515065	0.0591727798736059	0.0691834367320169	1.09001999159808e-14	0.0379049954951084	0.281932407962833
"TCGA.FS.A4FC"	0.541494921435772	0.0870294504617801	0.0753368911220494	0.00373094112445669	0.203256019260755	0.0637606022420633
"TCGA.FS.A4FD"	0.00835980166125877	0.109985212538997	0.0722593498931657	1.14443308057868e-14	0.176807992425757	0.394651810753263
"TCGA.FW.A3I3"	0.697765737907542	0.0418433309233159	0.0100020808468356	6.08295008882217e-15	0.160981129766736	3.79374057667507e-11
"TCGA.FW.A3R5"	0.0395310762242305	0.233581088656322	0.196975563475798	0.0667503348763186	0.0498446612820373	0.21367986853889
"TCGA.FW.A3TU"	0.0709598054634914	0.000568748169214163	0.00232929153560236	0.00268073299447914	0.256179400411815	7.01315138097087e-15
"TCGA.FW.A3TV"	0.0513039662010084	0.124652665117451	0.216312209348243	0.0586076096132856	0.164366411908414	0.19512388338874
"TCGA.FW.A5DY"	0.0173665664141628	0.220730693963689	0.0432426654742933	0.218250597315005	0.217711665471575	0.0969350644642883
"TCGA.GF.A3OT"	0.118354564478071	0.0570315690166873	0.523442516864023	0.0558233561222627	0.000157138719925973	0.0808262785621963
"TCGA.GF.A4EO"	0.000141140220443685	0.206447310271814	0.0329879662472645	0.495957348518968	0.071906435616467	0.0616662872891266
"TCGA.GF.A6C8"	0.0126721023424022	0.0592499917809274	0.0645975114240085	0.262718656696568	0.0634374075107988	0.267189906276236
"TCGA.GF.A6C9"	0.175096239849234	0.0919114682691083	0.132397552416352	0.215176145085731	0.267449906994491	8.78413947427343e-15
"TCGA.GN.A262"	3.83716485342675e-08	0.0538445646612025	8.06172542420949e-15	8.06172542420949e-15	0.035924349190719	0.179375954518669
"TCGA.GN.A264"	0.0987685947641703	0.19127299994599	0.185115067568146	1.20528974033704e-14	0.0618514549833418	0.287198954957419
"TCGA.GN.A265"	0.0516305616689838	0.114974044001282	0.390935613833979	0.248019915228863	0.183809522698721	4.33570393189407e-05
"TCGA.GN.A266"	0.0300461233896134	0.182037584615186	0.449543990018542	0.17523122503203	0.1022538563019	0.0608872206427078
"TCGA.GN.A267"	0.041312645187174	0.0469009756233539	1.19945086813007e-14	0.0187056414596319	1.19945086813007e-14	0.0760954729325399
"TCGA.GN.A268"	0.0242741955956517	4.53844968559361e-05	0.0813689101367785	0.00576326135473537	0.0164945934337975	0.338515904838705
"TCGA.GN.A26A"	0.151183028328187	0.0334370995571682	0.346866432001477	0.129289327337556	0.306207026798656	9.34330834793041e-15
"TCGA.GN.A26D"	0.0358063306977525	0.0916449754798298	0.193289138670234	0.00686780644703901	0.105784321874088	0.275216436845182
"TCGA.GN.A4U3"	0.0212069923682544	0.136243173922491	0.0550694846138573	1.01082715034681e-14	0.014283211200055	0.152097230997665
"TCGA.GN.A4U4"	0.067568920420201	0.151350643750472	1.00188412936858e-14	1.00188412936858e-14	0.018748409638216	0.0930330630504572
"TCGA.GN.A4U7"	0.103790752657909	9.34715487004438e-15	4.67473600302039e-11	9.34715487004438e-15	0.0457832852936021	0.0520782964308793
"TCGA.GN.A4U8"	0.0080360056983405	0.043967529599365	1.97788956634233e-07	0.375859735740432	0.0284409910408342	0.167451030853522
"TCGA.GN.A4U9"	0.0449848503669445	0.0120181933726599	0.0655800187145845	8.76726745493763e-15	0.0807474559200539	0.462959523873713
"TCGA.GN.A8LK"	0.0273467800241209	8.53253680850311e-15	0.012778463406693	8.53253680850311e-15	0.0121827845649535	0.107833531728228
"TCGA.GN.A8LL"	0.0967104492103519	0.0324711952776379	0.000711839011144107	0.00588565928575384	0.0839603413183752	0.0844252800759808
"TCGA.GN.A9SD"	0.0528929083055411	0.383995672327883	0.136193603028135	0.0982083894287756	0.254415795380494	0.00130365735805557
"TCGA.HR.A2OG"	0.0622411233972819	0.195680554346074	0.4564524635234	0.062662949725845	0.128541116585025	0.0425803062743207
"TCGA.HR.A2OH"	0.00445028774854097	0.0650553403391152	0.0338636714376096	0.63592732316368	0.0947035730898892	0.0594195421279403
"TCGA.LH.A9QB"	0.00249319843323052	0.233263704991172	0.0793731283278752	9.17301139838553e-15	0.0806319284228939	0.242734285119334
"TCGA.OD.A75X"	0.34443645407596	0.0147290498915647	0.0432326615530863	0.0666827773693867	0.406566809734515	0.0091158268672979
"TCGA.QB.A6FS"	0.0213538508227282	0.000252006089496487	0.0252747929827075	0.124335102127609	0.0214455692853332	0.0430438434145752
"TCGA.QB.AA9O"	0.0806983327540663	1.04611780746482e-14	0.0455407033608655	0.0880593572106068	0.0817236451191136	0.0190764918801691
"TCGA.RP.A690"	0.0669233747236643	0.239078449179201	9.00551679612105e-15	9.00551679612105e-15	0.0273985770830622	0.125256701839226
"TCGA.RP.A693"	1.29095318663793e-14	0.248742132585519	0.166703646229838	0.237087115734919	0.0568183680446724	0.176932495648808
"TCGA.RP.A694"	0.026704348755272	0.258357632957128	0.0757061061874806	0.0742242832988104	0.0488655676904689	0.32525890281002
"TCGA.W3.A824"	1.07143552222387e-14	0.0282714289834513	0.0367904793195921	0.290324323534354	0.018405618813549	0.0431435961971989
"TCGA.W3.A825"	0.120357829282504	0.122019041759797	0.215508574665576	4.34258804668768e-12	0.453659266986151	0.0432835699379312
"TCGA.W3.A828"	0.15170663168202	0.18377673752747	0.161276160169954	5.44237377532855e-15	0.503240470566685	5.38552247858053e-11
"TCGA.W3.AA1O"	0.0787836705476523	6.17546642415467e-12	0.136835754241675	0.0167443731254188	0.0733277043978104	0.247280998309677
"TCGA.W3.AA1Q"	1.08822503253403e-14	0.106144162192605	1.08822503253403e-14	0.0163009357432862	1.08822503253403e-14	0.152758341790126
"TCGA.W3.AA1R"	0.0641770522637959	0.00777236957347141	0.0162538564307722	0.0837154879643954	0.0273570910108644	0.186719928352083
"TCGA.W3.AA1V"	0.0536589281784632	0.0881644356724146	0.31891547221792	0.238466637229552	0.114419589631664	0.090964846116099
"TCGA.W3.AA1W"	0.00029567550394337	0.0720299217600274	0.0106501473234296	0.62787337783442	0.109581446547815	0.0177850678303713
"TCGA.W3.AA21"	9.22897540758487e-15	0.0288694096593008	0.0242195719884001	0.0133857421443722	9.22897540758487e-15	0.0300815781125059
"TCGA.WE.A8JZ"	0.0402898100085601	0.181956874899041	0.084821583754515	0.00127180672039941	0.145124880505874	0.2038700863728
"TCGA.WE.A8K1"	1.34066744844748e-14	0.00683450695429627	0.0782938558257882	0.363662435803015	0.100614216840589	0.146334657762894
"TCGA.WE.A8K5"	2.95386847015627e-13	0.0522455379775053	0.180951303355346	0.0664660347802972	0.0348176456633839	0.231784763311713
"TCGA.WE.A8K6"	0.0477972906922417	0.0997762651846144	0.236017915244379	6.75272475886166e-05	0.0593817282496895	0.0159119310214226
"TCGA.WE.A8ZM"	0.0302636604618752	0.206553052755443	0.0821340625898472	8.20699129156984e-15	0.318283665359001	0.279516178836802
"TCGA.WE.A8ZN"	0.00735615656098027	0.0484977209850783	0.0120646551326759	0.0203813848729	0.0746177804290958	0.00591488356196772
"TCGA.WE.A8ZO"	0.0588341934451668	0.154657929875637	0.103039278393648	0.262261623048289	0.129303188428465	0.127863537415467
"TCGA.WE.A8ZQ"	0.0346469257631803	0.251920937872766	0.15170419307409	1.0092847485679e-14	0.110482008636166	0.350703039232268
"TCGA.WE.A8ZR"	0.0958695569691062	3.91597901399545e-05	0.159557021923697	0.030482197337592	0.171751924648736	0.372453304923521
"TCGA.WE.A8ZT"	9.40786035762092e-15	0.203708553929197	0.0302552090083509	9.40786035762092e-15	0.0701229781188684	0.324987368448653
"TCGA.WE.A8ZX"	0.0263209210489062	0.019856121953197	0.0228413938490216	0.189510372107042	0.0740792056851503	0.149324858729513
"TCGA.WE.A8ZY"	0.062422904968968	0.000687861878950831	0.12705719683984	0.142427174721144	0.0929515256358528	0.265786763434233
"TCGA.WE.AA9Y"	0.0434435177041183	0.253579547357221	0.237262603058594	1.23871177588715e-14	0.152468235538005	0.257514304284092
"TCGA.WE.AAA0"	0.0458975834569633	0.0845193777132954	0.151786502234643	0.206073942908216	0.0703292550168056	0.0730375080725459
"TCGA.WE.AAA3"	1.47008876174846e-14	0.234855193802847	0.101580059083125	0.0943074036683303	0.04243492623392	0.262224717014059
"TCGA.WE.AAA4"	0.024633155364083	2.49537855476649e-07	0.0653207910519805	0.323858923806992	0.0254709984541951	9.66884324810839e-15
"TCGA.XV.AB01"	3.03895944628231e-14	0.0897512210164986	0.01063213861836	5.26230709485808e-12	8.86970079057772e-15	0.0440381971890429
"TCGA.YD.A89C"	0.00646393255077609	0.0452634390955892	0.0363671005017518	8.71569624412151e-15	6.90896443822294e-08	0.320797453773496
"TCGA.YD.A9TA"	0.122922211559715	0.106175284348183	0.16728693876506	0.0293884584181811	0.470679168403095	0.0947225623091183
"TCGA.YG.AA3O"	0.0308506283929797	0.00812473855260265	0.0960805389822271	1.14694009449002e-05	0.1014261415023	0.333714673206573
"TCGA.YG.AA3P"	7.94753651387776e-15	0.0862615657252223	7.94753651387776e-15	7.94753651387776e-15	0.00358823042078828	0.201720928859675
"TCGA.Z2.A8RT"	0.061030669617624	0.140952752998329	0.0186474938213518	0.278711705862066	0.198601702855351	0.183511373675958
"TCGA.Z2.AA3S"	0.00219414391739943	0.0870546247306287	2.40487861226494e-07	0.0152601160489213	0.0339688462390641	0.272190602954691
"TCGA.Z2.AA3V"	0.063436756775359	1.47793143552339e-06	0.0190229606075949	0.107045448598044	0.0543469694065805	0.0029749125873188
