"ID"	"S01"	"S02"	"S03"	"S04"	"S05"	"S06"
"TCGA.3N.A9WB"	0.0470924825911083	0.123763425094847	0.130131171221701	1.57848302368149e-14	1.57848302368149e-14	1.57848302368149e-14
"TCGA.3N.A9WC"	0.102308473178947	0.131166772447138	0.117524839070877	0.221545899400923	0.0569039075962437	0.168032570663009
"TCGA.3N.A9WD"	0.294797999438117	0.0888099280877009	0.145041088089204	0.101729755580376	1.69381427727946e-14	0.0270170470743189
"TCGA.BF.AAP0"	0.193410366259099	0.0260600117090175	5.98759364032192e-07	0.434115674775163	0.0495768526128538	0.106074740775361
"TCGA.D3.A1Q1"	0.157225192817715	0.0276535755589317	0.223569961864653	1.49128673859811e-14	1.49128673859811e-14	1.49128673859811e-14
"TCGA.D3.A1Q3"	0.208106291295458	0.0874835294180383	0.0878246211086738	0.15916199477235	0.267509560103873	0.0380409387838849
"TCGA.D3.A1Q4"	0.3929429397123	9.11916892611993e-15	0.0503256345492114	0.013001634722929	0.482680320191444	9.11916892611993e-15
"TCGA.D3.A1Q5"	0.252600487719213	0.0668288456661556	0.35343549326599	4.97482389995081e-15	0.1269117583617	4.97482389995081e-15
"TCGA.D3.A1Q6"	0.0350708156543847	1.03693385571511e-14	0.31343356562138	0.0107686993503716	0.167151561265112	0.155306634435968
"TCGA.D3.A1Q7"	0.246862619441012	0.0199920565207665	6.35048289912473e-05	0.320498886836018	0.168765694197012	0.235167332891647
"TCGA.D3.A1Q8"	0.356516255190536	0.0218383332472502	0.0265555576127445	0.1167428071111	0.360831516858894	0.0987530749216456
"TCGA.D3.A1Q9"	0.0673971028939602	0.116657351552126	0.220161154919719	1.5270271344523e-14	0.00558658831262462	0.155343176019038
"TCGA.D3.A1QA"	0.0541902142961152	0.153026563293697	0.214088142656725	0.011061101488088	0.066922318474969	0.108079317635159
"TCGA.D3.A1QB"	0.0708230239836581	0.0834992491634263	8.32661292038717e-09	0.255673444176508	0.115582566588997	0.105100707768288
"TCGA.D3.A2J6"	0.000195291159488534	0.0280656556176676	0.114262205978013	0.0390784788847914	0.0460988812609503	0.117132128704039
"TCGA.D3.A2J7"	0.170474344967599	0.190214667567305	0.0108992877106227	0.0793545997305616	0.340787883253124	0.0117337717973441
"TCGA.D3.A2J8"	0.109585091299145	0.066607610240288	1.05982949722868e-14	0.288796711796176	0.131687814174691	0.266091103591068
"TCGA.D3.A2J9"	0.127658053306144	0.0218406477648938	9.27970361353994e-15	0.392204342909265	0.0404790907826855	0.186619628189506
"TCGA.D3.A2JA"	0.15375643767071	0.10288641673197	0.118391476910136	0.196176488063808	0.355699836615649	0.0626575014478757
"TCGA.D3.A2JB"	0.196722325962936	0.0848300430296896	0.0123735177995016	0.513165130295249	1.11493567835197e-14	0.0544914447704396
"TCGA.D3.A2JC"	0.109314041552569	5.40152521920858e-08	0.153222881059121	0.041083082120372	0.0290890087502816	0.376900370435462
"TCGA.D3.A2JD"	0.219184286080241	0.0566129689828302	0.00558195264809323	0.227893690827249	0.0570965630502397	0.00239551949963488
"TCGA.D3.A2JE"	0.0222963423817337	1.42544402615097e-14	0.203572547613076	1.42544402615097e-14	0.0334959007095093	0.00151594070281557
"TCGA.D3.A2JF"	0.162917486779967	0.151212247189682	0.0806120982002991	0.266203609255568	1.46906306512351e-14	0.0469440233740515
"TCGA.D3.A2JG"	0.0692937792098651	0.0826012756419172	0.22154012374104	0.0210298079208942	0.0190544902906858	0.0263068833049433
"TCGA.D3.A2JH"	0.13798155893596	2.69727851583245e-09	0.0605098927964813	0.356714810721014	0.0186374236317242	0.136280170577401
"TCGA.D3.A2JK"	0.150868396049819	0.0772729712144343	0.0240417522298312	0.0295314019879686	0.0625804554621745	1.38751572192098e-06
"TCGA.D3.A2JL"	1.03440378873032e-05	0.123284077518612	0.0763203921190943	0.102028421940552	0.0139430111809298	0.00692179706430475
"TCGA.D3.A2JN"	0.206258970124452	0.0503367574255193	1.0981019289882e-14	0.0843342272922123	0.128067961142231	0.0307359989711074
"TCGA.D3.A2JO"	0.0630891232250033	0.0339084891661948	1.64180431571584e-07	0.252958859893611	0.119524747466849	0.308199967287083
"TCGA.D3.A2JP"	0.174466508596116	0.112810488391054	0.0746919595177476	0.203635648224597	0.078894963982003	1.50880675009192e-14
"TCGA.D3.A3BZ"	0.315051214385745	0.00506837194315399	8.25519338563901e-15	0.131953367740279	0.232519678563074	0.249294853533059
"TCGA.D3.A3C6"	0.216436751732339	0.0346403692197856	0.193193990535053	1.73974511432667e-14	0.120460622220282	0.057851998581522
"TCGA.D3.A3C7"	0.221787150846473	0.105105783985604	0.0376193104206356	0.0747715002785385	0.0577430825575167	0.244455880515506
"TCGA.D3.A3C8"	0.014650157321943	0.0485230887210844	1.06309745795603e-14	0.512786997829637	0.182915628467078	0.163960775828
"TCGA.D3.A3CB"	0.116997301451015	0.0302693105106427	5.47293135183605e-07	0.543982035348172	0.156879945161696	0.0834516973026781
"TCGA.D3.A3CC"	0.230506722919256	0.181237161737409	0.190695197737811	0.047332103539543	0.187216789182799	1.12553191128398e-14
"TCGA.D3.A3CE"	0.213596863478958	0.0924563958217297	0.153528746893994	0.206553895789284	0.115258351564882	0.157917155102782
"TCGA.D3.A3CF"	0.15485197208283	0.0775038545168297	9.30268660410652e-12	0.344334174572777	0.225779347518644	0.143540294167932
"TCGA.D3.A3ML"	0.0109814358968896	0.0148165069940458	0.206637616224302	0.000344698569847512	1.51110846927931e-14	1.51110846927931e-14
"TCGA.D3.A3MO"	0.147324975065253	0.0304248005536906	0.464288752442536	9.77198811499985e-15	0.113435895371151	0.0832974262845573
"TCGA.D3.A3MR"	0.121047526371112	0.154446298020535	1.74982466179088e-08	0.278130277536715	0.0295985057234615	0.120578308974373
"TCGA.D3.A3MU"	0.155761526351488	0.0753305427627616	0.00678482864272688	0.0569216252952022	0.370126291278098	0.031047716816989
"TCGA.D3.A3MV"	0.0845425015350922	0.0177894138463572	0.327844724455575	0.00972155938928192	0.139537192720639	0.0190889789785792
"TCGA.D3.A51E"	0.0804868526917091	0.0324493174462579	0.0906936990007376	0.0290234255957647	0.00240674921306993	0.286103230909479
"TCGA.D3.A51F"	0.112095098671536	0.0616323222865952	9.20353465978721e-15	0.409083902401738	0.0682837075599961	0.2500737653157
"TCGA.D3.A51H"	0.142271907392753	0.0625381165353858	0.0490239925131736	0.373170743226236	7.08373723338185e-15	0.158839197122646
"TCGA.D3.A51J"	0.116715620557575	0.0799187356961702	0.0484054511793011	0.4014341373508	0.124548678076644	0.0352409170731046
"TCGA.D3.A51K"	0.0706485081563843	0.0558378045802467	0.0115017705647203	0.0140379817910861	0.0206422750246811	1.34487538076782e-14
"TCGA.D3.A51N"	0.125461890994124	0.0420252503779967	0.019871189790334	0.143585824212881	0.0225615208916749	0.217789346687554
"TCGA.D3.A51R"	0.121014260620605	0.0420936481600653	0.423419915312064	8.0852914942484e-15	0.0919938078763061	0.00535742110000856
"TCGA.D3.A51T"	0.0454084852223513	0.0381474069228631	0.135823055289642	0.00530020694415976	0.0715638751157136	0.0669226180744105
"TCGA.D3.A5GL"	0.0790220133895409	0.0239669470270603	0.103341126895003	1.89656725718485e-14	0.0357916826327353	0.0667783262999045
"TCGA.D3.A5GN"	0.144617863781501	0.0386079514995754	0.184670654677416	0.0115016318642637	0.337619309303286	0.140110923652381
"TCGA.D3.A5GO"	0.0518478895919002	0.0549012757710367	0.0264859100354395	0.0394001628828833	0.0957470074911061	0.208877989157816
"TCGA.D3.A5GR"	0.27702793806624	0.0329574464662511	0.050286986191819	0.214493100091426	0.213472144176253	0.17466020704948
"TCGA.D3.A5GS"	0.156344493158695	0.124838811103951	0.114634377932656	0.0288513833617914	0.210455672485448	0.118316126427461
"TCGA.D3.A5GU"	0.223321358322841	0.0484579277062799	0.176609712754876	0.115376088640959	0.059030394409485	0.0641100724950185
"TCGA.D3.A8GB"	0.26717879938478	0.0500703731046861	1.17997556446073e-14	0.291025835129134	0.0424697805832211	0.160607353035122
"TCGA.D3.A8GC"	0.0450345655966998	0.207311111161819	0.24906306651487	0.0134995624799977	0.119200436873603	0.123249507831692
"TCGA.D3.A8GD"	0.060210276704208	0.0954571389722383	0.0766982567671413	0.413626634499879	1.27023470825187e-14	0.151880421619556
"TCGA.D3.A8GE"	0.174173087336927	0.231991774660982	0.0194572687403027	0.133586464974155	0.367943637825588	0.0159892401523171
"TCGA.D3.A8GI"	0.0675091956169069	0.0391750905969476	1.11051684775289e-14	0.000977990368206645	0.148999619586996	0.103032781504037
"TCGA.D3.A8GJ"	0.0825537228535493	0.0744011605111118	0.0256006181099977	0.182419241550226	1.20318288560128e-14	0.298615853725907
"TCGA.D3.A8GK"	0.016270717259774	0.00471208411176873	0.117671298020802	1.61984459465443e-14	0.0381321535965741	0.0274144857030741
"TCGA.D3.A8GL"	0.102298732807857	0.0465163982026258	0.376242889384121	1.42781987724673e-14	1.42781987724673e-14	0.0634592668169086
"TCGA.D3.A8GM"	0.0907535934529626	0.100378945102877	0.25855846920207	0.0117010112051557	0.128062867125863	0.255347470214341
"TCGA.D3.A8GN"	0.104776462906776	0.00568982116169446	0.0586845713474549	0.0359433479109875	9.23065779242268e-15	0.293133737486148
"TCGA.D3.A8GP"	0.0922429192857615	1.70275963490401e-14	0.172374762575892	1.70275963490401e-14	0.0780977402554679	0.014273633951414
"TCGA.D3.A8GQ"	0.0805388183386543	0.0100718354124031	0.386099852380392	1.07250567479644e-14	0.139666357790872	0.148663718219225
"TCGA.D3.A8GR"	0.0758321467547201	0.110785769164609	0.132827711185578	0.0857939346279293	1.24955657782147e-14	1.24955657782147e-14
"TCGA.D3.A8GS"	0.0729945292907979	0.0522113282105242	0.074282822995056	0.149711717672175	1.31121982169686e-14	0.153415486021214
"TCGA.D3.A8GV"	0.0796763767320817	0.0109948603674151	0.114018331784087	1.79592022420493e-14	0.00414227457808085	0.0245818288254622
"TCGA.D9.A148"	0.0754195834621038	0.143716901955449	0.268464578154183	1.51051098292943e-14	0.030251434368772	0.104543384698092
"TCGA.D9.A149"	0.0602806740453996	0.0916215904174089	0.0935960816829824	0.0979037437426086	0.252648156438024	0.0697370060948961
"TCGA.D9.A1JW"	0.0565975742545088	0.0927793603666112	0.0291404183713746	0.153447005914323	0.039583398503332	0.141365365747812
"TCGA.D9.A1JX"	0.138164047363366	0.138593864696967	0.155446609855508	0.124669164378134	0.0222710968242826	0.204072082076334
"TCGA.D9.A1X3"	0.0964311386200499	0.10086409237841	0.336974827582359	1.11314785908982e-14	0.218122860379092	0.0586930838955725
"TCGA.D9.A3Z1"	1.57065804927552e-14	0.0868241909369327	0.0855771657086137	0.147161291070688	0.142915622815373	0.201343685154477
"TCGA.D9.A3Z3"	0.152701294088686	0.0955918267007445	0.0655957367462822	0.228503982103991	0.17283045891273	0.000792933948252784
"TCGA.D9.A4Z6"	0.16774655121875	0.147017971545983	0.320750933584381	1.34467013077853e-14	0.0451007984375308	0.0204693148905319
"TCGA.D9.A6EA"	0.056199925400143	0.100439844127815	0.171685679714563	1.46174442685373e-14	0.0440925599311696	0.0838653728744293
"TCGA.D9.A6EC"	0.129462892332205	0.147951381618603	0.0629344580900499	0.0122695097546641	0.0197739932426653	0.0167832084809278
"TCGA.D9.A6EG"	0.0661547205635412	0.0437020396909196	0.305707341148623	0.000198837423653511	0.138273125182465	0.00934888004902975
"TCGA.DA.A1HV"	0.07872326353051	0.0357509717536132	0.276265343847018	0.219644340635641	1.21635234166251e-14	0.262830252871688
"TCGA.DA.A1HW"	0.0597761471432803	0.0384190722654362	0.0650349469859254	0.146531551245614	0.0425229430757683	0.169909704614643
"TCGA.DA.A1HY"	0.161356094968538	0.122793409724145	0.10624920050419	1.10843032829487e-14	0.339988732141076	0.101935409091697
"TCGA.DA.A1I0"	0.0650330031374782	0.0638768783130235	3.51208870713226e-07	0.0430228894117699	0.0611207151623271	0.152757570259045
"TCGA.DA.A1I1"	0.145316226812303	0.019098815910036	0.05074404898753	0.150295642295466	0.241936944037421	0.291633559675041
"TCGA.DA.A1I4"	0.141232611707223	0.133230667354495	1.23682704335652e-14	0.0652184359931634	0.274671557175454	0.255311880573385
"TCGA.DA.A1I5"	0.0473726064219615	0.0712217155128326	9.85607148742608e-09	0.230265894304762	0.171578374675702	0.283311762583288
"TCGA.DA.A1I7"	0.146606776150226	1.38902128237032e-14	0.0468818096780196	0.00615106163850445	0.456949200303003	1.38902128237032e-14
"TCGA.DA.A1I8"	0.178245838931127	0.0191334093999263	0.208635355643211	0.0595305179401891	0.0841583652911663	0.151236483700369
"TCGA.DA.A1IA"	0.0145063651157726	0.128436731633201	0.231291156499198	0.00242923713206597	1.03804961750589e-14	0.00125616617045778
"TCGA.DA.A1IB"	0.10926712281624	0.0382229719661956	0.00986394998593876	0.590280179637465	9.96082371896618e-15	0.121261998534548
"TCGA.DA.A1IC"	0.172163396197483	0.0631338577353531	0.0595785733056631	0.143293107522036	0.289485152275755	0.0543263501695205
"TCGA.DA.A3F2"	0.0373623791222158	0.122853611190433	8.77942291150451e-15	0.382521906502567	0.171972146897635	0.0449215867364035
"TCGA.DA.A3F3"	0.120744946058311	0.10674025826746	0.278873989704895	1.50031100767676e-14	0.0327306540567813	0.0562866912549109
"TCGA.DA.A3F5"	0.0248142897345672	1.37535313067373e-14	0.210658285043913	1.37535313067373e-14	0.0531746447947483	0.359067329858208
"TCGA.DA.A3F8"	0.119599312028631	0.00432196776562358	0.0448692766343872	0.469998572891405	0.0300769612478399	0.145322379823887
"TCGA.DA.A95V"	0.0412012885672121	0.248482351567437	0.0313960097745032	0.0240935039297511	1.47010920353608e-14	0.00434459852456462
"TCGA.DA.A95W"	0.153776619028381	0.115423677854767	0.130206925599701	0.0174771261149166	0.0104201695521289	1.81815091609681e-14
"TCGA.DA.A95X"	0.201377521630343	0.0542465974123227	0.332776729509563	0.00134982015953708	1.87288433270509e-10	0.250057278760293
"TCGA.DA.A95Y"	0.0227021529074824	0.0126764212726166	0.172638733882199	1.70138421130787e-14	1.40964404556196e-05	0.0297111399702528
"TCGA.DA.A95Z"	0.0739669458824375	0.0363450742827335	0.135785968434657	1.63074965440518e-14	1.63074965440518e-14	1.63074965440518e-14
"TCGA.EB.A44Q"	0.0242286725542511	0.0241139070440384	0.274437100088888	0.161977920456109	6.77790926779047e-12	0.115689529696767
"TCGA.EB.A44R"	0.0864376382655646	0.0689128432012575	0.236159039168817	0.0764774990648097	0.0755831712798321	0.0700931282704967
"TCGA.EB.A5KH"	0.0779125388925032	0.0234130373591442	0.156206706936689	1.46326524159457e-14	0.0610808639342248	0.0142746637309729
"TCGA.EB.A5SG"	0.0524851139738752	0.0705767237408632	1.48307547319788e-14	0.321097688495857	0.0970139763923307	0.15615072387897
"TCGA.EB.A5SH"	0.127561541943664	0.0541256221944121	0.0237014432115804	0.00726103158486322	0.0131476727249194	1.58981162897623e-14
"TCGA.EB.A5UL"	0.0590751088223414	0.138478115175144	0.179332117016823	0.104401228036485	1.86810151102293e-14	0.103689333695582
"TCGA.EB.A5UN"	0.169665636753632	0.0169214480316903	0.0626821635403351	1.11478331107203e-14	0.0168897847447999	0.408981466273366
"TCGA.EB.A5VV"	0.212717836045422	0.0432669848651207	0.00379458383362744	0.458583490209602	5.89690589821483e-15	0.107424130034651
"TCGA.EB.A6L9"	0.180437312021448	0.104126531374349	0.00804449474742034	0.352369009136248	1.09396960429419e-14	0.0588362144614949
"TCGA.EE.A17X"	0.00122889498361708	0.0595221469469076	0.0922632862818035	0.0244766847496723	1.58537604157981e-14	0.0730069450762279
"TCGA.EE.A17Y"	0.067684338391343	1.28518615111509e-14	0.257705744560797	0.000200549766235744	0.286401791306584	0.0516884521780983
"TCGA.EE.A17Z"	0.121111804185408	0.021706643023358	0.272950343330942	1.41661573488415e-14	0.0886833517965495	1.41661573488415e-14
"TCGA.EE.A180"	0.0322414034443493	0.057483142097343	0.239694323680963	1.70930483021024e-14	0.160153368654769	0.039250520501723
"TCGA.EE.A181"	0.0792539683442023	0.115840038132606	0.227674670896553	0.126507187901415	0.0256744992823512	0.234496329375778
"TCGA.EE.A182"	0.0239270458613877	0.102235018948582	0.00109043540732397	0.0516721844583983	0.0727392772113084	0.0614444137429625
"TCGA.EE.A183"	0.270323547605425	0.0250033479049819	0.0302205615470926	0.347318588806976	5.74299618507833e-13	0.0184293438461191
"TCGA.EE.A184"	0.0277838912502634	0.0681012485649976	0.259654456952893	0.015064489192816	0.0636133452111684	0.147448775048387
"TCGA.EE.A185"	0.0456435251741229	0.0197376057584809	0.124769451184275	0.0186556560291846	0.0388744062590288	0.0516293764849547
"TCGA.EE.A20B"	0.245200370311945	0.035429241987112	0.0683638970896459	0.127325835542622	0.377097631621491	1.23837999297282e-14
"TCGA.EE.A20C"	0.123935042380178	0.0720917874079964	0.180966777790473	1.26406775195423e-14	1.26406775195423e-14	0.0126831515387575
"TCGA.EE.A20F"	0.0295344054799408	0.0680197860983978	0.151070678462782	0.0444597799763788	0.048414267774675	0.249424207814523
"TCGA.EE.A20H"	0.109783821596401	0.0751562820598548	0.463246051335597	1.04427311272842e-14	0.174077894729283	1.04427311272842e-14
"TCGA.EE.A20I"	0.128574989113659	0.0131139973950689	0.0964946153291484	1.68173206680181e-14	0.385234428421455	0.0561189918213245
"TCGA.EE.A29A"	0.214126774734843	0.0462144947132434	0.0865791557401387	1.35111428607616e-14	0.290163630821807	0.0122132620274925
"TCGA.EE.A29B"	2.72396310725611e-13	0.124201345296572	0.039398457608684	0.0727920490373558	0.0508224836586781	0.00801414157988911
"TCGA.EE.A29C"	0.398305271729484	0.0534992387398832	0.00669421459784212	0.0552464198796942	0.216847251851113	0.0941273275372229
"TCGA.EE.A29D"	0.0735469926773128	0.0639427896697493	0.33437918781148	1.4852073373984e-14	0.240058439976704	0.0682057567365442
"TCGA.EE.A29E"	0.0315438638827503	1.43376790880411e-14	0.171831571656126	8.77122159964546e-09	0.0895034616972621	0.0830363467333048
"TCGA.EE.A29G"	0.271803735516623	0.215272302718074	0.153012854081548	0.147419140433211	0.124629080140626	0.00633817493702292
"TCGA.EE.A29H"	0.103041852315862	0.0758517113488221	0.217427953443324	0.0134821977610349	0.0587324111192366	0.176503963889456
"TCGA.EE.A29L"	0.0196007455555618	0.0358472273543184	0.251738671346122	1.17970122129972e-14	1.17970122129972e-14	0.0239009343467872
"TCGA.EE.A29M"	0.145040956501915	0.203294531281611	0.212684415836324	0.0922628351416131	1.52745717876618e-14	0.134541132647964
"TCGA.EE.A29N"	0.131381003750553	0.149688568272559	0.100695753264349	0.3176088956058	0.0888642725784743	0.142091347026402
"TCGA.EE.A29P"	0.0928217434274844	0.108040943213773	0.040854704014214	0.293259373700417	0.144340031970946	0.109934754469541
"TCGA.EE.A29Q"	0.0585606964676097	0.133642288766365	0.391044468703072	0.0283913167323341	0.0213155323106414	0.0202413286394402
"TCGA.EE.A29R"	0.278869372338295	0.0263754449099642	0.093153568862747	0.0479218689406385	0.161833075392732	0.0833137499536301
"TCGA.EE.A29S"	0.0840986043480208	0.0664848968065904	0.00648212462527622	0.130187527803768	0.439824176524917	0.0550708844989438
"TCGA.EE.A29T"	0.0854283180373535	0.00889522093095653	0.110499588362726	0.246045382803907	0.316611524292701	0.0347634288065274
"TCGA.EE.A29V"	0.054149386565906	0.0251751065362902	0.0577886823859456	0.0372864279396682	0.0519282395598018	0.194651202272101
"TCGA.EE.A29W"	0.377346421077461	1.06115863595228e-14	0.0875322088804876	0.0286902907201211	0.423278657125842	1.06115863595228e-14
"TCGA.EE.A29X"	0.0444490349978284	0.13209345943531	0.0395929734573871	0.152971842422568	0.109937699575407	0.159326895150341
"TCGA.EE.A2A0"	0.285322578502369	0.064718086120919	0.0234909576064155	0.206570993185877	0.373730609902647	0.0419422309307594
"TCGA.EE.A2A1"	0.386014989059308	0.0780059516860488	9.54406344128391e-15	0.27852626885442	0.137990721584958	0.108369261031633
"TCGA.EE.A2A2"	0.0444097660434376	0.158755482859057	0.294752296233765	0.100914561179305	7.47058024093353e-07	0.055167351841768
"TCGA.EE.A2A5"	0.246893943586453	0.0406562445740209	0.156952562462804	0.0646765706328782	0.401718842683853	1.6289372878011e-14
"TCGA.EE.A2A6"	0.084145169420515	0.0169922526127305	0.190683379189818	0.163326696591847	1.06212638311664e-06	0.292990529063025
"TCGA.EE.A2GB"	0.186044463251792	0.135897872946939	0.324298170804065	3.26242173363254e-11	0.138370764377306	0.0321965923064988
"TCGA.EE.A2GC"	0.0482790153641888	0.0550445101541108	0.30202989845457	0.0952977931871078	0.14023938760282	0.203639864028415
"TCGA.EE.A2GD"	0.244449800161115	0.0171416547174863	0.0378183118668555	0.0606393566473703	0.319543903970584	0.280516757299172
"TCGA.EE.A2GE"	0.175369252536952	0.00734668371515359	0.000698266971303315	0.298439958141924	0.170156171168679	0.117838613338784
"TCGA.EE.A2GH"	0.0940768742497715	0.0622504125653701	1.31634700623914e-14	0.335278835360463	0.164239680732795	0.11362198840894
"TCGA.EE.A2GI"	0.158635198976063	0.0223958316714803	0.0909381308414502	0.0723604979709272	0.0297565574810205	0.17078962688136
"TCGA.EE.A2GJ"	0.123089716846305	0.075023558301356	0.0748417917240033	0.0834041100594398	0.330638959573565	0.193725615357356
"TCGA.EE.A2GK"	0.159443558420708	0.05765633446166	0.0293050900946293	0.462340890448736	7.7592622447322e-13	0.053770709007315
"TCGA.EE.A2GL"	0.213214847275711	0.102435688433262	0.133171155949734	0.418102021964444	9.96436597408378e-15	0.0235178453456066
"TCGA.EE.A2GM"	0.12153488413464	0.00536396318059261	0.305703665374057	0.0120541871232338	7.48960975025788e-05	0.00242330314243454
"TCGA.EE.A2GN"	0.181360966714246	0.109666886350609	0.0845814692703562	0.013450576597562	0.430341556893112	0.000751637359560111
"TCGA.EE.A2GO"	0.0818601220080146	0.154570053351363	0.0851073601322676	0.0181387886442229	0.217626295376938	0.026711348099832
"TCGA.EE.A2GP"	0.253981727362541	0.0473201862881428	0.0537814527444812	0.203647859450453	0.299630791476022	0.124901950007441
"TCGA.EE.A2GR"	0.0476019146479479	0.0322372479656865	0.426137045623162	1.40409953280795e-14	0.0225521084210982	1.40409953280795e-14
"TCGA.EE.A2GS"	0.219863881426099	1.40548942462102e-14	0.240863277233676	0.0265895874285795	0.317411040457284	0.000247682581975675
"TCGA.EE.A2GT"	0.314329524336681	0.0392912136735023	0.0259600079709458	0.375197380981945	0.0193967394580078	0.0195424465767445
"TCGA.EE.A2GU"	0.0700481379046831	0.0742152119995784	0.165129097543198	0.164218890385633	0.0235177892401207	0.125551087688856
"TCGA.EE.A2M5"	1.13522855750868e-14	0.00653040197542627	0.0189943200720241	1.13522855750868e-14	0.195360505770095	0.374185999975278
"TCGA.EE.A2M6"	0.106089226720066	0.0697594292528949	0.157212041120171	0.098146311780533	0.069952483090144	0.140906357806299
"TCGA.EE.A2M7"	0.350661148450897	0.0885078278520252	0.220857848177115	0.0891529430105109	0.195987119731746	0.00029287686411014
"TCGA.EE.A2M8"	0.175867524199061	0.0726893751637101	0.00741870329243183	0.446841103671761	0.194829647767861	0.0799125831697097
"TCGA.EE.A2MC"	0.163379991701345	0.117916027165383	9.92093146061384e-15	0.165664412615273	0.185896412437381	0.285915501388792
"TCGA.EE.A2MD"	0.0759220669484681	0.00211478196743253	0.328283816788055	0.0408826148642199	0.119914276098673	0.105833928112293
"TCGA.EE.A2ME"	0.362397948065951	0.0280004947279672	9.97368226878659e-14	0.316270298949231	0.129638612899696	0.126799026892835
"TCGA.EE.A2MF"	0.114012883272041	0.0100618911934768	0.223727504081243	0.107094659695151	0.169340388281661	7.93230592334858e-11
"TCGA.EE.A2MG"	0.414817490967159	0.0107881080938099	7.36961075250026e-07	0.329213196110485	0.104364223525275	0.0741326990625797
"TCGA.EE.A2MH"	0.168385521898727	0.0625917315640079	0.114230098156602	0.245813075251001	1.61841451317104e-14	0.137996949194151
"TCGA.EE.A2MI"	0.302143454709737	0.0726078220842987	0.017008025786543	0.0320315871001276	0.286749232142266	0.19756947249707
"TCGA.EE.A2MJ"	0.193513710999389	0.0704014946537807	0.0666744561896252	0.372660589055102	0.0551759999016962	0.169375938774428
"TCGA.EE.A2MK"	0.202368071090807	0.0186625136854757	0.000156211669263776	0.11500764799511	0.271432514721516	0.155347912831311
"TCGA.EE.A2ML"	0.177081315461889	0.0388536149965869	0.20035927966677	0.128635195572907	0.112709001158946	0.0872677837512281
"TCGA.EE.A2MM"	0.144983182299652	0.110683236073005	0.209467742884334	0.0458636280715239	0.147738867847554	0.0532348450712865
"TCGA.EE.A2MN"	0.0548450968004176	0.149823985929231	0.167030306738728	0.181325394949646	0.0443767285250683	0.0371827334821551
"TCGA.EE.A2MP"	0.200531770328774	0.0383831596493536	0.10269429894918	0.0927043934556168	0.0788325482657116	0.130069694753656
"TCGA.EE.A2MQ"	0.185970953487619	0.05134546689629	0.104013593408071	0.0558081439273187	0.27451354822584	0.0591409823382372
"TCGA.EE.A2MR"	0.119635555238048	0.0233557682365112	0.178348868928038	0.327074309845887	0.160057178093729	0.127049631157701
"TCGA.EE.A2MS"	0.127336216070118	0.0905856786761599	0.457714814477524	0.0357264503107022	0.0709519864578981	0.0533433915566235
"TCGA.EE.A2MT"	0.04845039599464	0.260834649206773	0.184977573549968	0.015729420486328	0.0598380360731702	0.0439014735158676
"TCGA.EE.A2MU"	0.00547917186434144	0.0687489097302352	0.00136546977366925	0.28514541058655	0.299120577844248	0.137529180953403
"TCGA.EE.A3AA"	0.253258381553558	0.046942281310753	0.12083425140149	0.223210134918872	0.139584438202095	0.0306872650448046
"TCGA.EE.A3AB"	0.0742875962627973	0.0843554375823897	0.0357916561222116	0.139388276519512	0.115681832527714	0.252534420573097
"TCGA.EE.A3AC"	0.0251425723420349	0.0916369719627678	0.158323166597356	0.0229893810902613	0.0729237724184039	0.238155359545614
"TCGA.EE.A3AD"	0.0956248517141637	0.0709786236805411	0.302040374451076	1.32690060544442e-14	1.65157655147378e-05	0.036064912803986
"TCGA.EE.A3AE"	0.0705460169328575	0.107076998400121	0.260272881212306	0.066116084783401	0.0653463989774133	0.167123427192973
"TCGA.EE.A3AF"	1.74674488214542e-14	0.0415177895169616	1.74674488214542e-14	8.31984757609829e-08	0.257814920210397	0.235278665809598
"TCGA.EE.A3AG"	0.137168826907428	0.0790486035815573	0.117572698844649	1.09381640932619e-14	0.189473085927984	0.0351368718465475
"TCGA.EE.A3AH"	0.337374837752501	0.0561492505520407	0.264002975208802	1.42904336899739e-14	0.0732978974598829	0.0429957448503819
"TCGA.EE.A3J3"	0.186143336911867	0.0383132064267586	0.0809631528935649	0.156581829720423	0.446472490445063	1.62727339048096e-14
"TCGA.EE.A3J4"	0.105255474003834	0.011311396112313	0.112251979189333	0.0087861168528392	0.111547899908098	0.000901062367935463
"TCGA.EE.A3J5"	0.133717489708404	0.0307940849275287	0.112443231166125	0.143569583323217	0.248809232480588	0.145595803174245
"TCGA.EE.A3J7"	0.0686288556078117	0.0958641225562862	0.346561425724467	3.20754465729953e-13	0.178705065728207	1.49343129399624e-14
"TCGA.EE.A3J8"	0.144103202203904	0.0337619349913677	0.450631466693843	9.10839827012693e-15	7.93862622933226e-06	9.10839827012693e-15
"TCGA.EE.A3JA"	0.0848701699326405	0.0594246481111083	0.16056716800791	0.0609741697409385	0.211477767185262	0.139595947949308
"TCGA.EE.A3JB"	0.0976614774075262	0.0333824524033671	0.117889068534324	0.18639303849991	0.301704640988476	0.195296715833884
"TCGA.EE.A3JD"	0.164300088835111	0.145824567616498	0.0762172427884241	0.326130306291108	0.0769318894191756	0.147127867717091
"TCGA.EE.A3JE"	0.167807123659662	0.178148075601011	7.92186961870615e-15	0.347279467850697	0.19643093474925	0.0960343662549687
"TCGA.EE.A3JH"	0.0472323867538355	0.0257201995886846	0.141315564049191	0.480704692819935	0.0905278266959268	0.124559211164348
"TCGA.EE.A3JI"	0.143728610953856	0.103245237503192	0.296410680603198	0.0598538108155444	0.024468199547602	8.94626846943619e-05
"TCGA.ER.A193"	0.389825012264373	0.107056949643131	1.20445212283394e-14	0.113825307676976	0.230103629366067	0.121615662303059
"TCGA.ER.A195"	0.115901749029509	0.0240197726440817	0.0440156139889524	0.17885262919983	0.159818179544006	0.0952116264125167
"TCGA.ER.A197"	0.0895253603521367	0.0330631877686729	0.173768278492574	0.0810890979614825	0.0505470460308919	0.358631911262883
"TCGA.ER.A198"	0.020332170557924	0.0318017950027963	0.110583934518816	0.0324730135320777	0.122294580373435	0.263244486680333
"TCGA.ER.A199"	0.135288105513175	0.0575340853521963	0.0276083431219971	0.356565507843719	0.0136619680008941	0.165084908776704
"TCGA.ER.A19A"	0.216879146477935	0.00443601454614305	6.52206040437221e-15	0.401048784460909	0.224609389520586	0.153026664994407
"TCGA.ER.A19B"	0.106664315316268	0.00778693206032189	0.218398450183246	0.0803785971433452	0.153663600607764	1.01481835650054e-14
"TCGA.ER.A19C"	0.215862872886237	0.0716415294170342	0.0685798430946269	0.0147923374129872	0.255253279191299	0.0119654635371577
"TCGA.ER.A19D"	0.215107423344412	0.052944750768169	0.0922282790559365	0.0977035941959803	0.353734634070642	0.0407538347991962
"TCGA.ER.A19E"	0.263166910034121	1.55022389347307e-14	0.229703398106748	1.55022389347307e-14	0.213368552594917	0.102027342226857
"TCGA.ER.A19F"	0.0199684621195347	0.0145018571746157	0.165333271997091	0.0438942448354488	0.219500004878901	0.0043117258405321
"TCGA.ER.A19G"	0.0722605832966123	0.0489632629921541	0.125685198538499	0.172282270523237	0.0119940401775495	0.369076972311113
"TCGA.ER.A19H"	0.253325458760836	0.0332275551266078	0.173120591065209	0.156970118073632	0.262295400497489	0.0337107432627273
"TCGA.ER.A19J"	0.132773018352852	0.0269108308555382	0.125812300339792	1.37932951556412e-14	0.433578502047039	0.208106342604958
"TCGA.ER.A19L"	0.317649739080513	0.0801906972949493	0.203067829874389	1.0274999198736e-14	0.178833635717176	0.00250204294385386
"TCGA.ER.A19M"	0.0542035417496463	1.71760728705528e-14	0.0134423205180972	0.125431276555931	0.337368809882358	0.213258298722137
"TCGA.ER.A19N"	0.0778970545926772	0.0439931684925222	0.0139269502977672	0.336025491935382	0.159634459448661	0.203278408527271
"TCGA.ER.A19P"	0.16213004377481	0.0613640239887951	0.0545263264690536	0.410935394178145	0.0515536388269537	0.133807792111621
"TCGA.ER.A19Q"	0.047069288244766	0.0505571104080447	0.025733557547758	0.241498350701424	0.175981693158462	0.260747497318794
"TCGA.ER.A19S"	0.0633845187955974	0.109099020635196	0.0494889771754308	0.316388168392767	0.0123494030166491	0.179363963236925
"TCGA.ER.A19T"	0.195319160994616	0.0777947689537896	2.18305529530134e-10	0.0876454711958899	0.134026247588233	0.00347832308109467
"TCGA.ER.A19W"	0.0813080096257011	0.00822725070640283	0.0207746127257995	0.550255872658802	0.0718467672048917	0.185209757538921
"TCGA.ER.A1A1"	0.189901175880629	0.0408251134159918	0.0265392253436363	0.412724018124099	6.88384636622096e-15	0.103620828956088
"TCGA.ER.A2NC"	0.293814474269419	0.0746657504882469	0.0773867232088204	0.039488338405751	0.274959359296757	0.230866984733985
"TCGA.ER.A2ND"	0.00531034419327618	0.0815329147461131	0.217975805353082	1.52447495153307e-14	0.0693402164149372	0.0338340836850982
"TCGA.ER.A2NE"	0.0607887361112783	0.035322505447834	0.341897676909953	1.05648856035625e-14	1.05648856035625e-14	0.179437924148139
"TCGA.ER.A2NF"	0.0343682861354082	0.0891659212948294	0.0515476154409492	0.00484050164059568	1.55514484617803e-14	0.0362290072093339
"TCGA.ER.A2NG"	0.0195054882887974	1.54357433198147e-14	0.0918193761422612	0.194901486968171	0.0904828992412833	0.321583455143022
"TCGA.ER.A2NH"	0.143212751106493	0.0204998202750375	1.20574858028793e-14	0.402584395097678	0.21229392898989	0.0651362193764362
"TCGA.ER.A3ES"	0.0593753226201064	0.0476469448776419	0.172602034322254	1.34798147881093e-14	1.34798147881093e-14	1.34798147881093e-14
"TCGA.ER.A3ET"	0.154530560478503	0.120352192946542	0.0891069750384503	0.124955506184326	0.279236872131906	0.185064172382773
"TCGA.ER.A3EV"	0.0655557003903143	0.534020040757843	0.115535139416988	0.0057865596934489	7.8835839373414e-15	0.0391246606562202
"TCGA.ER.A3PL"	0.16573450041543	0.202252027931072	0.0304227113301517	1.41728405697394e-14	0.323284049699553	0.039274346758885
"TCGA.ER.A42K"	0.144073513658018	0.0965676057681111	0.263104008145604	1.14667603565141e-14	0.211993577142548	0.0831768523901783
"TCGA.ER.A42L"	0.200564920563674	0.0271446876164855	5.70683988676492e-15	0.0977230739468855	0.0365002936219431	0.196870696146639
"TCGA.FR.A3YN"	0.0746302608321787	0.072681512846596	0.207081160125392	0.0225491137176238	0.0541231420376956	0.0616242615008386
"TCGA.FR.A44A"	0.0645521878555275	0.0327517304173	1.39767634121104e-14	0.339632466447859	0.00288196030178427	0.30091501010587
"TCGA.FR.A69P"	0.189235634336226	1.27233432064576e-14	0.16865151095391	0.00204456793896997	0.244765462167846	0.24819042930664
"TCGA.FR.A729"	0.121635335746916	0.157004340822279	0.0734562160825037	0.216502383491498	0.002279600647264	0.103402500326095
"TCGA.FR.A7U8"	0.0693423761260666	0.00398646608480702	0.0927659618750065	0.00122744123652736	1.53106353665285e-14	1.53106353665285e-14
"TCGA.FR.A7U9"	0.100715654345955	0.0661793655083058	1.14735123338893e-14	0.304392676499316	0.209565626362228	0.149794340420123
"TCGA.FR.A7UA"	0.0274632669636651	0.0425942121070568	0.011408006120643	0.476683783165133	9.11002072237647e-15	0.205690224657211
"TCGA.FR.A8YC"	0.156300560032574	0.0361446830233348	0.22797478175878	1.03320489996073e-06	1.60341474880924e-14	0.167365020684222
"TCGA.FR.A8YD"	0.028963156872795	0.619283333801635	2.6037626080018e-11	0.00506220809362256	7.73067144740228e-15	7.73067144740228e-15
"TCGA.FR.A8YE"	0.247149100837167	0.197445369439313	0.00698507051634299	0.278762483322735	0.0453134326068009	0.115216105601159
"TCGA.FS.A1YW"	0.319525755669472	0.0795425196830772	0.335899770505424	1.53207533294319e-14	1.53207533294319e-14	0.0449513468859026
"TCGA.FS.A1YX"	0.0679605227023462	1.26604438074817e-14	0.104185299167891	0.125442433924413	0.40937852651592	0.243694120972562
"TCGA.FS.A1YY"	0.181292538293399	0.0434774198102778	1.53791334413885e-14	0.0155953219075231	0.30357134237101	0.0109522734770244
"TCGA.FS.A1Z0"	0.139769047783775	1.58015965450896e-14	0.143906716966779	0.269549148226147	0.249963925170441	0.0723125405743906
"TCGA.FS.A1Z3"	0.0913502253887091	0.00946538690691561	0.445428795931307	1.31117176558542e-14	0.329789115520927	0.0414561889530996
"TCGA.FS.A1Z4"	0.184768848512243	0.0556580679253717	0.0226669862396189	0.291727151909127	0.226067773771387	0.143952813765034
"TCGA.FS.A1Z7"	0.507572722308765	0.0629979600421438	0.000960084013422044	0.0639846566922867	0.197287643602561	0.14811730061229
"TCGA.FS.A1ZA"	0.24554591517793	0.0627869385506618	0.189083254375155	0.0738324048367071	3.6632149291343e-06	0.104593976461245
"TCGA.FS.A1ZB"	0.25454396314839	0.0838076627023663	0.011296209737776	0.279812255389049	0.159776472574811	0.180589955457802
"TCGA.FS.A1ZC"	0.14664840611985	0.0356448267693801	0.411775319052147	1.13829131523251e-14	0.123264109144522	0.0122799533733257
"TCGA.FS.A1ZD"	0.177963982651142	0.0666465997732686	0.30770178884289	0.0158583408273936	0.366765890503114	0.0531784065452586
"TCGA.FS.A1ZE"	0.201540297578933	0.0999502889028569	0.355086891071146	0.0325266327985021	0.0511085254282937	0.0228472013152349
"TCGA.FS.A1ZF"	0.137705895737298	0.10388188531667	0.234826054770041	6.48359105503377e-13	0.255885561406805	1.40950391962166e-14
"TCGA.FS.A1ZG"	0.0718564087487099	0.024661012415499	0.249268370610746	1.60565752765507e-14	0.00602775531205404	0.0591373165804842
"TCGA.FS.A1ZH"	0.267685224820287	0.0705180132936497	5.10255345087492e-07	0.231268383822549	0.286553825833609	0.105447172120747
"TCGA.FS.A1ZJ"	0.166921739426484	0.0584500958471343	0.276237321845749	0.0065676705936374	0.0131697998453873	0.0196005902109457
"TCGA.FS.A1ZK"	0.0791291295759092	0.118419211895215	0.43524795658451	1.39124254193462e-14	0.00722986970407994	1.39124254193462e-14
"TCGA.FS.A1ZM"	0.170231308699088	0.0495470714696242	0.0845443490872168	0.051294249845458	0.463154230804321	0.158143388738266
"TCGA.FS.A1ZP"	0.361235937311555	0.00773756497846408	0.0719994965540867	0.185264514738595	0.271534010749057	0.00173940455546082
"TCGA.FS.A1ZQ"	0.0208565103941392	0.140066232029463	0.115128313434671	1.13257571118467e-14	0.070130952213934	0.0477477345390726
"TCGA.FS.A1ZR"	0.406860460104733	0.117908299131926	0.148986087166922	0.0926412611893663	0.192686907928553	1.10741005686566e-14
"TCGA.FS.A1ZS"	0.104169777227419	0.141911291652236	0.062652982944809	4.4632882636786e-11	0.478875597999584	0.0951484838209826
"TCGA.FS.A1ZT"	0.222056659000562	1.50002913115488e-14	0.0856890872595192	0.155465275521002	0.173211831041605	0.171315303100846
"TCGA.FS.A1ZU"	0.0208593962426533	1.71001411589267e-14	0.0974800876412394	0.0614626170132047	5.38340813545553e-09	0.106759947877106
"TCGA.FS.A1ZW"	0.0458898289635774	0.0213263517387464	0.128927761253613	0.139499555462106	0.0294309358248164	0.266527439340781
"TCGA.FS.A1ZY"	0.0475082062361402	0.017180053698252	0.215999371058921	1.66096324810992e-14	1.46962870485856e-08	0.0198251801646957
"TCGA.FS.A1ZZ"	0.115735108877088	0.130895455851356	0.322939924806651	1.39189256074408e-14	1.39189256074408e-14	0.0107428713491252
"TCGA.FS.A4F0"	0.0754189038334796	0.20821013916875	0.471280268750705	9.25823994883392e-15	0.00868169958807628	0.0401422800209884
"TCGA.FS.A4F2"	0.0453076075180457	0.157887305773314	0.132222693472231	0.078164330446645	0.0125631334130699	0.175812221186478
"TCGA.FS.A4F4"	0.153789729823987	0.00379610411828974	0.0938836928033608	1.59994762474629e-14	0.124286924646197	0.0910689174205098
"TCGA.FS.A4F5"	0.169401892449541	0.0556935251845435	0.364452096205618	1.57825856602681e-14	0.0103262644539949	0.0795548729483825
"TCGA.FS.A4F8"	0.393200227924885	0.0522871886963214	8.79655294162048e-15	0.304880688218395	0.0758415702134419	0.110250029489665
"TCGA.FS.A4F9"	0.17841845844843	1.57399426764963e-14	0.247190532602984	1.57399426764963e-14	0.0893285003867248	0.00381777274605789
"TCGA.FS.A4FB"	0.173489842110063	0.0792830708464646	0.248173527767464	1.57087808072618e-14	0.118815623401633	1.57087808072618e-14
"TCGA.FS.A4FC"	0.314420022933646	0.136069597454189	0.190011571954669	0.071302583512105	0.155895743045322	0.0359516749298863
"TCGA.FS.A4FD"	0.105964256517121	0.0643600419066988	0.264322275331501	0.0159265115425709	0.205065407898574	3.65845344519036e-13
"TCGA.FW.A3I3"	0.112387191508136	0.078351986397849	0.421579215302328	1.514678370925e-14	0.00658385397234526	0.00701917484180649
"TCGA.FW.A3R5"	0.04304658142536	0.120074923655952	0.0899233274273821	0.0630175127117405	0.260492202452421	0.237933561148961
"TCGA.FW.A3TU"	0.011787881629832	0.517179119753616	0.000370619861950559	0.00701227016757431	0.0240989605159789	0.00556288956730421
"TCGA.FW.A3TV"	0.202031887109837	0.257684448248064	0.229636962326888	1.59055046563822e-14	0.0479861514053954	0.0392351124962295
"TCGA.FW.A5DY"	0.157739927629493	0.129077702804884	0.0948446609452999	0.381818518016907	0.0263731143043429	0.0107825108340536
"TCGA.GF.A3OT"	0.0153598385589326	0.0476543775854764	0.00970005302256894	1.03221596790652e-14	0.338970770113741	0.356211591278831
"TCGA.GF.A4EO"	0.0726126211225831	0.0282131753067761	0.00408784795550705	0.415449932084982	1.33789007711268e-14	0.219229122265932
"TCGA.GF.A6C8"	0.12593630553618	0.0156164483681657	0.162639284714331	1.47031777014981e-05	0.0773984100753815	0.134773426257418
"TCGA.GF.A6C9"	0.0440012703142592	0.157205609885079	9.01707312438907e-15	0.317318606929131	0.0609510575673608	0.0614898251718876
"TCGA.GN.A262"	0.0664094662156835	0.0358274744603009	0.317568931944048	0.0242655962356372	0.0181251951481916	1.07433780224428e-14
"TCGA.GN.A264"	0.0544685334401455	0.0242768825221723	0.108529709076252	0.0409699954247522	0.516387350539656	0.0978117089819543
"TCGA.GN.A265"	0.132116727380705	0.000948544779891995	1.0638991045826e-14	0.22513825075141	0.274718788712274	0.330405588386364
"TCGA.GN.A266"	0.137488656562995	0.0790753746366228	0.0494465067754726	0.2191715512458	0.333342166754095	0.159733171635272
"TCGA.GN.A267"	0.0573634348107262	0.0282906045854002	0.0369953148051743	1.8000354894606e-14	0.06958916814843	0.0223543595102024
"TCGA.GN.A268"	0.0502280599781006	0.0386229177492583	0.415923649260264	1.48869673098339e-14	0.0553478654934828	1.48869673098339e-14
"TCGA.GN.A26A"	0.0678612078030178	0.232235004302424	0.0854397687714441	0.0842404767178219	0.118096848835692	0.265593764691414
"TCGA.GN.A26D"	0.0708112707079531	0.0532885085289252	0.343791489759001	0.00952132165294976	0.13497946655669	0.0608448496962082
"TCGA.GN.A4U3"	0.0546795151604017	0.141483191371275	0.199174646919535	1.55473848830531e-14	1.55473848830531e-14	0.0738708422681926
"TCGA.GN.A4U4"	0.0430231317592525	0.0128550676070091	0.118196354186107	1.93448340552e-14	1.93448340552e-14	0.0634706436861411
"TCGA.GN.A4U7"	0.0649934376074219	0.102981359477322	0.121323877063557	1.24310579972029e-14	1.24310579972029e-14	1.24310579972029e-14
"TCGA.GN.A4U8"	0.0986131433254344	0.0195729003143827	0.118902435076221	0.299783979239128	1.88440592413857e-14	0.0399755477263955
"TCGA.GN.A4U9"	0.141331834994348	0.125530401317443	0.356765378171313	0.000474298807195956	0.155778780053383	0.0325667641033372
"TCGA.GN.A8LK"	0.0207601444013788	0.0651240870604755	0.160815964838824	1.32036063169945e-14	1.32036063169945e-14	0.00543596403487344
"TCGA.GN.A8LL"	0.0490882741115607	0.0816134322708076	0.196836355217479	0.000132592146234217	8.8277274358857e-15	8.8277274358857e-15
"TCGA.GN.A9SD"	0.287001812122771	0.019517619516248	1.02767010808454e-14	0.285183646470655	0.0209452369175022	0.232475950004319
"TCGA.HR.A2OG"	0.095253216013144	0.0999250292070799	9.85317540697063e-15	0.146224610901182	0.43901455376573	0.171100615066941
"TCGA.HR.A2OH"	0.0520328569963037	0.0578769487443336	0.0450703135418179	0.3975269541779	9.51926414456476e-05	0.144279133641097
"TCGA.LH.A9QB"	0.110337285377916	0.0808043155766074	0.105311104221682	3.38450551101545e-10	0.00575267265149463	0.0180045819616983
"TCGA.OD.A75X"	0.0411423098443936	0.374656424694766	0.12408872137401	8.72150548433782e-15	0.0619873270802151	0.0692477266988392
"TCGA.QB.A6FS"	0.0456147362047643	0.0889615034006203	1.50945365554256e-14	0.158084332195308	0.00823648553336717	0.064599083645645
"TCGA.QB.AA9O"	0.0492281335294221	0.257050496788611	0.0285248649931328	0.0399654793339815	1.46194630686448e-14	0.0935391543581774
"TCGA.RP.A690"	0.140456692515229	0.0293852156695771	0.0991808793380798	1.43377707374265e-14	0.0425764579181793	0.0888104237875497
"TCGA.RP.A693"	0.158582788693345	0.0388636793308826	0.0443541868933713	0.183551782869995	0.168144375010913	0.236653526456803
"TCGA.RP.A694"	0.283013153140238	0.0730477748672884	0.239013022210551	0.0158965145868537	1.17290435763777e-09	0.11675033720219
"TCGA.W3.A824"	0.051882733895479	0.10645516009908	0.063856275553337	0.0235211821374743	1.88970348313138e-14	0.133112409594313
"TCGA.W3.A825"	0.131138361454493	0.351957062636381	0.0772457798053786	0.0749747775820667	0.0868806383350089	0.0999960759039203
"TCGA.W3.A828"	0.173428509527497	0.58541919151002	3.10236133729998e-15	0.0404862533191194	0.117413673512625	0.0390718077738011
"TCGA.W3.AA1O"	0.0845275811765739	0.0588264691198977	0.18056564404619	0.0022601401067359	0.0479429896447774	0.180311099019791
"TCGA.W3.AA1Q"	0.121318661358954	0.0320015023629268	0.0967381449661869	0.0266439666189114	2.06867703147457e-14	0.0370573945930567
"TCGA.W3.AA1R"	0.0351450526111839	0.197908741272278	0.210630719484618	1.58577544860282e-14	1.58577544860282e-14	0.040825960186912
"TCGA.W3.AA1V"	0.113046681425488	0.0417109070662396	0.156155121617161	0.049148984156266	0.0913829501622717	0.126752589107484
"TCGA.W3.AA1W"	0.00356735548810284	0.114755795926345	0.124206007784416	0.372641077080941	1.19818773263666e-14	0.171635797382377
"TCGA.W3.AA21"	0.0129195806166595	0.0429222067585054	0.0973306371782208	1.60364920660566e-14	1.60364920660566e-14	0.0292580667484219
"TCGA.WE.A8JZ"	0.142746172432579	0.205963662828504	0.368118116578919	0.00320521538691543	0.00822455976644148	1.57828459915671e-14
"TCGA.WE.A8K1"	0.0292270298643452	0.178668725110323	0.0963408898632304	0.184585413755381	0.0543224805073592	0.149522450591397
"TCGA.WE.A8K5"	0.123670113650407	0.0824422192106122	0.0462176094537241	0.0116685004206091	0.273497703474338	0.074338296545594
"TCGA.WE.A8K6"	0.155771156395211	0.167579128893642	0.0218517638974776	1.44664697146925e-14	0.0275753830180425	0.0192579510081609
"TCGA.WE.A8ZM"	0.308367959839338	0.0808639856806569	0.236760781627372	7.57612349082408e-15	0.0702446998734108	0.00619717008158737
"TCGA.WE.A8ZN"	0.0985352631033396	0.0450375399230736	1.38326153187486e-13	0.13280421102037	0.0507601280128861	0.0548118926477541
"TCGA.WE.A8ZO"	0.143194053002457	0.0117280685745076	0.162568829085989	0.0707379677092623	0.183132662804463	0.163486975559152
"TCGA.WE.A8ZQ"	0.214935007873089	0.170722501828958	0.29512886486077	8.73457682644415e-15	0.0438394680677227	8.73457682644415e-15
"TCGA.WE.A8ZR"	0.00695514909176454	0.0123834628278302	0.296730848095075	0.0494200795057537	0.0977503516784946	0.0310617857308276
"TCGA.WE.A8ZT"	0.132657717486225	0.105112555082573	0.364461939316274	7.87555655375883e-08	0.0299290638082974	0.0117971388209689
"TCGA.WE.A8ZX"	0.157678566178304	0.0751249165263972	0.109521546881898	0.0886907671439553	1.40908811850873e-14	0.133888746251138
"TCGA.WE.A8ZY"	0.124522025778878	0.162800490432343	0.255449765975755	1.39411833370864e-14	0.0513183902105607	0.12200751734055
"TCGA.WE.AA9Y"	0.299817523477074	0.195350816404788	0.0251406419191712	0.0871631764508062	0.356183220220604	8.73015880783675e-15
"TCGA.WE.AAA0"	0.0449977553667123	0.0482920090945632	0.211273654118843	0.171777732550151	2.15642051932411e-14	0.0581890003785064
"TCGA.WE.AAA3"	0.281743350288823	0.0930006008656806	1.53886677180123e-14	0.169577865146599	0.249479441640836	1.53886677180123e-14
"TCGA.WE.AAA4"	0.0457937590539031	0.0484298435018148	0.00465868422121216	0.177823145210041	0.0482324223075305	0.300160300334212
"TCGA.XV.AB01"	0.0626612954412365	8.1399069797711e-05	0.0316359760516187	0.00406674955735991	0.130655701669159	0.00151663335293677
"TCGA.YD.A89C"	0.0640886619845026	1.53405650959899e-14	0.18939890647064	1.53405650959899e-14	0.0172787784816442	0.0897036296738341
"TCGA.YD.A9TA"	0.0941504856238655	0.478304024390648	0.0479577168227351	0.0583989578827797	0.157576814877426	0.0633383796883342
"TCGA.YG.AA3O"	0.0711238513980077	0.0370959411318412	0.147708691484173	0.000661336717772999	0.138945918651536	0.24767071396238
"TCGA.YG.AA3P"	0.0675544983884617	0.0759146223274357	0.105151202541109	1.3637068593035e-14	1.3637068593035e-14	1.3637068593035e-14
"TCGA.Z2.A8RT"	0.0997967738280307	0.182715340267237	0.223382464190987	0.182568033684261	1.40096898985707e-14	0.0253936156280387
"TCGA.Z2.AA3S"	0.0936894330958942	1.63509491020059e-14	0.357159511919374	0.0163875539190086	0.0686252019410707	0.018924240591068
"TCGA.Z2.AA3V"	0.0443832241591323	0.0937820069124173	0.0229585131969659	0.142943200753596	0.0392870911131107	0.0720086181662588
