"ID"	"S01"	"S02"	"S03"	"S04"	"S05"	"S06"	"S07"	"S08"
"TCGA.3N.A9WB"	0.00773773190371559	0.027450133215378	0.021444095189358	0.0278142799030523	0.122000638732234	0.0746366895847493	0.00262066707222462	0.0678757965782926
"TCGA.3N.A9WC"	2.21779272094399e-09	0.112103566380749	0.0458054061652387	0.153377677517081	0.098170179934044	0.0222518258998386	0.232626806873568	0.0277304405684775
"TCGA.3N.A9WD"	0.0250366477808115	0.132494396931511	0.000419799842273916	1.20156721516669e-14	0.15350036824344	0.0487367840037496	0.00799609929649562	0.0426717797003272
"TCGA.BF.AAP0"	0.074533575291774	0.0855037853202149	0.126800776899456	1.30676412715556e-14	0.0629178971326252	0.0754196740078246	0.29011278182031	0.0698898704340517
"TCGA.D3.A1Q1"	0.111747074910725	0.0591966091499278	0.0135258504185511	0.0176948121404991	0.00461757403414907	0.165380496184272	9.34455698035424e-15	0.0315341556549397
"TCGA.D3.A1Q3"	0.0154386052209796	0.113379764803636	0.0438971127155153	0.305919384658832	0.0303108272656669	0.108817251018657	0.120783253762436	1.31613893756729e-14
"TCGA.D3.A1Q4"	0.00724457721729494	0.3120615055214	0.322314696886947	0.0481200169571873	0.0439530558570888	0.130425009452944	0.00157138242016039	0.0137233043234965
"TCGA.D3.A1Q5"	0.0353918102404529	0.168094631112859	0.0843848771366832	0.0989294047622047	0.139188807516814	0.468024796539533	5.7375074751751e-15	0.00527343107423058
"TCGA.D3.A1Q6"	0.011614061237428	0.0148667564744018	0.014403589055713	0.158271318279525	0.0164584189920402	0.161963314093308	0.00348953963072981	0.294266071143778
"TCGA.D3.A1Q7"	0.00938361370395879	0.227506833098564	0.138586081934559	0.139515600541099	0.0612089537884535	0.0898283606592753	0.280570339784862	3.8363718680132e-05
"TCGA.D3.A1Q8"	0.0478737881609081	0.295163600839307	0.258116652904494	0.090394780111447	0.0648732148461289	0.0681587331465979	0.0700945353754893	0.0408477700567626
"TCGA.D3.A1Q9"	0.00017463195669432	0.0868555813168938	0.0270619455159523	0.0952144833676009	0.0186787598129571	0.193622510083178	0.0119753932463727	0.112181711316468
"TCGA.D3.A1QA"	0.0122309841956566	0.0466543505323688	0.0242358922239119	0.252360346986979	0.0572636321007556	0.0263890713355338	0.010062030238575	0.118065235139873
"TCGA.D3.A1QB"	0.0475400178619586	0.0511028681252082	0.0261151088664016	0.0187683815747078	0.0598148001841135	0.197296947152095	0.174312649386818	0.0324472571285441
"TCGA.D3.A2J6"	1.23449855015478e-14	0.0149729298496046	0.0649112422947179	1.23449855015478e-14	0.0238268730426825	0.0896508055615302	0.000855493744911245	0.170089516388292
"TCGA.D3.A2J7"	0.0968794717740947	0.0780905254009098	0.140424452840036	0.108256054874391	0.104668740496156	0.0467147088741869	0.12337388470501	0.0892911489476731
"TCGA.D3.A2J8"	0.0157238666355974	0.0785886561634955	0.0776275486347208	1.0612115006488e-14	0.0871372857916301	1.0612115006488e-14	0.242556577721414	0.237663694662041
"TCGA.D3.A2J9"	0.109194358452525	0.082849549658704	0.0372956758732005	0.0778407139260754	0.0779739519696204	0.0160835116086067	0.439341541237168	3.42358047733286e-13
"TCGA.D3.A2JA"	0.0235790163155788	0.127248312426089	0.267478892660821	0.101398388860537	0.083305290802387	0.177817598050473	0.146995201663537	0.0571757257699074
"TCGA.D3.A2JB"	0.0574999280086344	0.093429156737875	0.015228879600717	0.0358371927462347	0.104780767023403	0.0358125961467671	0.358427343499735	0.0889502134629634
"TCGA.D3.A2JC"	0.0463773002976743	0.02981286547637	0.0673376949788673	0.0733570993147955	0.104265729668043	0.186165874329925	0.0814426942471677	0.132469685572645
"TCGA.D3.A2JD"	0.0251768139925337	0.100647179608262	0.0512006065347061	1.11837394981782e-14	0.0823508733324366	0.0456781213378074	0.0807009498232987	0.0976665033340897
"TCGA.D3.A2JE"	0.0138192286007693	0.0410802213491939	0.0211121611199891	0.0749173324846364	0.0182612717806214	0.122442248134507	1.17151562661094e-14	0.125572035955412
"TCGA.D3.A2JF"	0.0354566902134547	0.0772734798875174	0.0184292467312525	0.00794815536399608	0.118637601414754	0.0517805575215081	0.0902899146787108	0.0475441792607385
"TCGA.D3.A2JG"	0.00484332062471718	0.039568571857679	0.0271495335817804	0.0176232393949672	1.18313393218191e-14	0.0610641856697642	1.18313393218191e-14	0.0894540275884261
"TCGA.D3.A2JH"	0.061990178206435	0.049711442265986	0.0327593413589768	0.113558277937899	0.101987764165424	0.127261649109669	0.229998274563796	0.0983939701955146
"TCGA.D3.A2JK"	0.0062484889785856	0.0398858824826568	0.023965799840297	7.75011942114279e-15	0.046695739705203	0.0274983453182468	0.00770241087018194	0.0457515730429759
"TCGA.D3.A2JL"	0.0802406121384784	0.0212872473795971	0.0177979185784746	1.21271355601297e-14	0.00624700437131534	0.0518752199864162	0.0567036515448876	0.00239792338521509
"TCGA.D3.A2JN"	0.00896252080665899	0.117898555034544	0.139212833581679	1.13007599006536e-14	0.0394977260272941	0.0974989177140659	0.0426658502567459	0.0124079218330515
"TCGA.D3.A2JO"	0.0693851948997414	0.0111597509868884	0.0602600127842986	0.0621526761500274	0.00580203992800831	0.125565799036963	0.185403564977142	0.256992594845307
"TCGA.D3.A2JP"	0.0376718354293106	0.128018087108427	0.0399134881424561	0.00385802733660132	0.0257220971359405	0.0662695929451949	0.1028552456468	1.25088179700911e-14
"TCGA.D3.A3BZ"	0.00187322919234148	0.297888545204619	0.284956755269416	1.00920906266338e-14	0.0514642078513761	0.098222991709827	0.0922325506637857	0.0436697531911354
"TCGA.D3.A3C6"	0.0415547757728429	0.114023283371881	0.105344433265372	0.0695838179461615	0.0503008063064993	0.183642848907802	1.27173661067517e-14	0.113267582489818
"TCGA.D3.A3C7"	0.0708764589329506	0.0862436387644444	0.0445159979051611	6.98398721710117e-05	0.0876010383813093	0.0506181313683078	0.11338572380553	0.167096254574318
"TCGA.D3.A3C8"	0.0587053317381214	0.011852417756101	0.131425075753983	0.00685077866087546	0.0561376336072551	0.018043861031098	0.366684153180448	0.128134599612551
"TCGA.D3.A3CB"	1.20425253904509e-14	0.0777869228903826	0.0301610716007691	0.0267489770194782	0.0147122025065935	0.182956238696019	0.359823867829962	0.0101249951834584
"TCGA.D3.A3CC"	0.0152636013497421	0.137468774152698	0.144510096320711	0.0565331619902971	0.126353019791211	0.143146007214562	0.0109615320342571	0.133056044512495
"TCGA.D3.A3CE"	0.0764909267788075	0.120808587917021	0.0535013589512312	0.166472103930344	0.150655251172311	0.120246296251937	0.131119290328668	1.16064962372003e-14
"TCGA.D3.A3CF"	0.0244618725451996	0.139243397839133	0.0898239011924306	0.127251021618658	0.0353032035355308	0.0349819041615722	0.338109213048062	0.0681020421781297
"TCGA.D3.A3ML"	0.0333089767436529	0.03616148727031	0.00756447570561502	0.0964240826822068	0.00256655420161057	0.00294382904571794	1.05734157407602e-14	0.0480662558976576
"TCGA.D3.A3MO"	0.0726829039125947	0.0980613718088723	0.109023926282318	0.10436120168443	0.116922605051303	0.251456121029332	5.68683921162062e-14	0.070439671558319
"TCGA.D3.A3MR"	0.0173991093845984	0.101703989141726	0.0798111404544201	0.00726262239717102	0.179660420430713	0.0390542427726227	0.162824646665003	1.25034835923588e-14
"TCGA.D3.A3MU"	0.0744565668592716	0.0774375754038925	0.271347294469574	0.0387894231937029	0.0552090727247006	0.0447199635372576	0.00670450920460518	0.0929005334440063
"TCGA.D3.A3MV"	0.0516559416069535	0.0778640820682933	0.0794811388331686	0.0878131548967118	0.0922734016707209	0.188313616602969	0.00035637271625949	0.162971221067
"TCGA.D3.A51E"	0.0556519316464568	0.0279102981585129	0.0105290082981953	0.0927102446504499	0.0629797246105011	0.114536714125723	0.0770554876257173	0.0851824784923042
"TCGA.D3.A51F"	0.0407968749839359	0.11033807036505	0.166419146120764	0.0043610993471541	0.110985770791822	0.0353334365823969	0.402741880227784	0.0401921531461462
"TCGA.D3.A51H"	0.127580405205023	0.0946115914400975	5.1684773166343e-07	0.0178922575386809	0.16830687920866	0.0301176937793769	0.338895531854935	9.72381232153727e-15
"TCGA.D3.A51J"	0.065850454981397	0.10754907130458	0.0477899263665488	0.0606653590415761	0.122465598170327	0.0823232178211692	0.28010823241614	1.28532536668631e-12
"TCGA.D3.A51K"	0.0390323934518832	0.0284721998030111	0.00714562134649896	7.69362368000873e-15	0.00808040086810762	0.0733627633108126	0.00547742844499598	0.0142392526422912
"TCGA.D3.A51N"	0.0795696757359219	0.015650460644775	0.032403984201828	0.00554246004361489	0.0812484664660991	0.075339532873906	0.097320433576551	0.0181612617830289
"TCGA.D3.A51R"	0.0480434892347072	0.0745549201390133	0.0489488078771171	0.0646418514173976	0.102564219507025	0.504533579258677	6.16582900084987e-15	0.0256879912377664
"TCGA.D3.A51T"	0.0335555837997542	0.0538494339012444	0.00603020293463568	0.181827193101709	0.0981512281515136	0.0660547853897303	0.0135021259916153	0.133281278029854
"TCGA.D3.A5GL"	0.0237407032254325	0.0250815279012747	0.0573416859934071	0.0449554901024013	0.0450308618707714	0.0888102772940664	0.035888178751194	0.19056294384704
"TCGA.D3.A5GN"	0.0404518519994244	0.103297741553571	0.209957453507541	0.139108693740698	0.0381436511585089	0.106659793338122	0.00428978295431881	0.192394377320825
"TCGA.D3.A5GO"	0.0060810235310265	0.0417741050921718	0.0909291703836068	1.29312859323331e-14	0.0158877970740088	0.036441381795444	0.0452282097599198	0.057873776543662
"TCGA.D3.A5GR"	0.00731505470498299	0.152644154325448	0.163681693354705	0.15406893697416	0.09872947404175	0.0360954389167706	0.155255706112601	0.138224102997923
"TCGA.D3.A5GS"	0.0849191907984911	0.117843183559323	0.0836806174866271	0.0198732692231816	0.1108365337984	0.142588200077867	0.052986198959042	0.00968328317848229
"TCGA.D3.A5GU"	0.0688982286209794	0.0736258831250915	0.0309458819843807	0.0882810516555878	0.114742574295595	0.127231200218172	0.0623301596378235	1.44554188619009e-14
"TCGA.D3.A8GB"	0.030030628381152	0.116785290448998	0.121228322237936	1.1574875222146e-14	0.096835593073603	0.0268463733374137	0.135681576286202	0.0614036130190118
"TCGA.D3.A8GC"	0.0462619949599011	0.0344100344689532	0.00704532382208242	0.181935545650505	0.0901595481441969	0.119450019798447	0.0193402088887148	0.150074809145152
"TCGA.D3.A8GD"	0.0497508880026124	0.018506168749161	1.31464401975127e-14	0.0527691765105048	0.232249623456926	0.0597411212100208	0.361260345398757	0.0157506879029418
"TCGA.D3.A8GE"	0.00465460125088513	0.33485768982043	0.223593662786811	0.116068874474799	0.156192515205581	0.0501539796005134	0.0952501855268598	2.9870036637408e-12
"TCGA.D3.A8GI"	0.00244221395888092	0.0500656861818408	0.131009845018713	9.32413268401297e-15	0.0446517128330654	0.0287141164667637	0.00164181408638262	0.0710473808661453
"TCGA.D3.A8GJ"	0.0337280904209172	0.0426872521483833	0.0482534731704332	1.43658490413794e-14	0.101547517598479	0.0453359833233583	0.210140685337998	0.0583698096755384
"TCGA.D3.A8GK"	0.0129290196721219	0.00584229098161362	0.0117833305221501	0.0110988813562309	1.05240711381517e-14	0.115903720369493	1.7620475167383e-14	0.120079643049556
"TCGA.D3.A8GL"	0.236315834143128	0.0488824881315088	0.0059387771945194	0.16690342323701	0.0959935715331034	0.0558095284991079	0.00217051295288574	0.0479639303916771
"TCGA.D3.A8GM"	0.0193255722936697	0.0751624101670706	0.0508227995355005	0.260637781260629	0.0326727823431424	0.122230000797952	0.097615903761715	0.153765783031776
"TCGA.D3.A8GN"	0.0449986623736253	0.0962263581348033	0.0701074822482486	1.41470776744737e-14	0.0793501798233054	0.0264256778817994	0.084759767351028	0.117051589439913
"TCGA.D3.A8GP"	0.0223228398972436	0.0501640655845226	0.0396997942802917	0.116828053606455	0.0357058547031224	0.0672856752527168	0.00243967031392046	0.0598869438285769
"TCGA.D3.A8GQ"	0.067362518974408	0.0479325329777529	0.095852600074478	0.012870369226487	0.0970009524985302	0.346796166371091	8.98405558052549e-15	0.0989809378045557
"TCGA.D3.A8GR"	0.0450139485289094	0.0285650949309915	9.65159753198062e-15	9.65159753198062e-15	0.112988525838194	0.0263216950391148	0.0266789018497928	0.00685411989151697
"TCGA.D3.A8GS"	0.0546757919326931	0.00269702869994703	1.10457911112897e-14	0.0160514989268049	0.0857564707588097	0.0569804036136637	0.106005461248752	0.000876230948067823
"TCGA.D3.A8GV"	0.0318924669195646	0.0344260237830198	0.0111151585010804	0.00263726318202981	0.0197458272914761	0.055980208793067	0.0134644996108773	0.0932789985741509
"TCGA.D9.A148"	0.0378888061016625	0.0573517433774585	0.0283158838170479	0.048284003442294	0.0715657609789918	0.120491867000268	0.0322387145114148	0.0828178386120847
"TCGA.D9.A149"	0.0332310133187891	0.0454380905616901	0.0547974063200004	0.214835267672024	0.0360888442262501	0.0121547500533898	0.150211219571472	0.0739434815449102
"TCGA.D9.A1JW"	0.016262832915495	0.0261237107276195	0.0223935742936987	0.0770401341958922	0.0782759417503309	0.032456456019335	0.167909734956635	0.0898667541765551
"TCGA.D9.A1JX"	0.00601470374524816	0.0856059948783548	0.0312488529613836	0.126911733531996	0.123239758244385	0.0788523705033842	0.113636590466261	0.110412178835161
"TCGA.D9.A1X3"	0.0552290854773836	0.133162380182086	0.0705903377570236	0.211126259170875	0.0573779452686041	0.111062911363904	0.0191501472078948	0.0606723309811872
"TCGA.D9.A3Z1"	0.0346416246850379	5.9494980148046e-13	0.0450299974397314	0.0658395630689002	0.0331279232808206	0.0695428044364561	0.135273018993267	0.0903745495095487
"TCGA.D9.A3Z3"	0.0404288128725214	0.103133906986413	0.116297848606954	0.0166012639716239	0.0736825208524257	0.14770621327097	0.102590458434669	0.0814635542267779
"TCGA.D9.A4Z6"	0.0551824991694293	0.0663556965494475	0.0512882634478209	0.016794588934844	0.122321078343179	0.306818542656575	1.04102040281967e-14	0.0793084236055727
"TCGA.D9.A6EA"	0.0150188982220036	0.0501274509285972	0.00593168655402093	0.114942449903121	0.0636731121518785	0.158203946142374	0.0101039680972019	0.139333127181815
"TCGA.D9.A6EC"	0.0149014484809168	0.0719939206000462	0.00301807720089949	0.0516724345160058	0.0976602388533763	0.0168467537826464	1.1494105026468e-14	0.251215742421499
"TCGA.D9.A6EG"	0.134534115955505	0.0601209830346384	0.0868363377552824	0.17342152279359	0.0966544410823676	0.12441870427803	0.0199349488981343	1.03974776893232e-14
"TCGA.DA.A1HV"	0.014100281763542	0.0486620935374694	1.34506134105959e-14	0.0524815657399158	0.236824739343979	0.0513197912994314	0.136739439439559	0.146684354695235
"TCGA.DA.A1HW"	0.108266901433908	0.0368765392211701	0.0123864976273398	0.0970374594489493	0.0488031100397807	0.0886292213489006	0.13180021677677	0.246887846334121
"TCGA.DA.A1HY"	0.0364433944282792	0.0930128979798488	0.197611734062279	0.139687814492967	0.0908478659384926	0.143030758259948	0.00829947440085305	0.102128835416914
"TCGA.DA.A1I0"	0.00233586466259684	0.0448278717152887	0.0358147502344188	9.39415125887879e-15	0.0248214592322687	0.00406274292103842	0.0288797269253518	0.0831941506426471
"TCGA.DA.A1I1"	0.00925068528637945	0.140848470744145	0.20887739121904	0.177217048958979	0.0586564133911549	0.060498915330774	0.160997768509514	0.0434717702179582
"TCGA.DA.A1I4"	0.287768492200308	0.0722768465706662	0.215121677024618	0.00278220344435981	0.0085208387492893	0.0542931636201661	0.0791187886062729	0.0402256805046392
"TCGA.DA.A1I5"	0.127425757096903	0.0565091663572346	0.14719702208913	0.00660171103582613	0.0231997595567907	0.113050781102909	0.191844638979167	0.0401468962738524
"TCGA.DA.A1I7"	0.397922183130405	0.0374073988964127	0.151956973901381	0.0353086413945341	7.219369821933e-15	0.119503112534509	0.00218365374084975	0.169017518219355
"TCGA.DA.A1I8"	0.0732712968554859	0.063379409613053	0.0783250351245909	0.0481708806783342	0.112131658561118	0.196128323935604	0.0276808697989248	0.174774197554121
"TCGA.DA.A1IA"	0.050754664882605	0.0290112397146717	0.0009761843662961	7.44615351464775e-15	0.0465458617295217	0.0842771930380453	0.00640457956971367	0.0723071332844799
"TCGA.DA.A1IB"	0.09387937383774	0.0469761226950951	0.0419054494651577	0.017998089660212	0.0300100301877109	0.104243838804702	0.409326928318503	0.0356286365181388
"TCGA.DA.A1IC"	0.0810035400838905	0.122581598566872	0.0749922759460356	0.0921415627683969	0.0403182354028006	0.112163908813454	0.0317192475467541	0.167164389816962
"TCGA.DA.A3F2"	0.00415843969185389	0.0369258852601751	0.185433311885832	6.94623394957187e-15	6.94623394957187e-15	6.94623394957187e-15	0.119223978692554	0.0194338893874324
"TCGA.DA.A3F3"	0.0179259823526425	0.101124293290445	0.0188299479134369	0.198259976448037	0.0850898484738299	0.0941354031063205	1.17077546733815e-14	5.29924088513762e-12
"TCGA.DA.A3F5"	0.0206931254071619	0.0355169700505659	0.0784644334964009	0.0410881779254367	0.00871688222138997	0.119409817659322	0.0106253206234314	0.293011754866531
"TCGA.DA.A3F8"	0.0333201000971712	0.0743574741818238	0.0233093107839632	0.0757121674321018	0.0716560930930658	0.0513025361597792	0.33040371098289	0.0113452240332982
"TCGA.DA.A95V"	0.0168288326163871	0.0317680021915983	0.0161169165687886	9.13979954077011e-15	0.00397232661146827	0.0760889663505107	0.0100369117405818	0.0547028395101126
"TCGA.DA.A95W"	0.00631195216828582	0.0674252585388802	0.006773913350691	0.00244817259000332	0.0721907368622931	0.122116440303863	0.00619347422289118	1.27720496785899e-14
"TCGA.DA.A95X"	0.0311547018507595	0.0777431167208655	0.0750213444575544	0.250742069438451	0.120033734661352	0.114432885136843	0.0507746613105008	0.0861530827506919
"TCGA.DA.A95Y"	0.0350334813257712	0.0137348629790358	1.62982138966986e-08	1.09409119512123e-14	0.006424533401193	0.0701215946948213	0.00821717773729144	0.0654717501911746
"TCGA.DA.A95Z"	1.25542626274403e-14	0.049205307915362	0.0181463398753823	0.011123323899186	0.0647181037522046	0.0473879133799179	1.25542626274403e-14	0.0396175370799131
"TCGA.EB.A44Q"	0.0625744464278539	0.013511083266899	0.039349809536176	0.0890632142874633	0.0335051645138345	0.159676127715925	0.149674176895615	0.110360178135441
"TCGA.EB.A44R"	0.086853933455542	0.0840551078783387	0.0946595858081447	0.05589153264411	0.225306175959188	0.289058050765957	0.0338248679786103	0.0529773544060054
"TCGA.EB.A5KH"	9.63774465641098e-15	0.0508548728190863	0.0234353946656547	9.63774465641098e-15	0.000762357652700122	0.113240050255621	9.63774465641098e-15	0.011060173615939
"TCGA.EB.A5SG"	0.0276367088376315	0.00744615086969706	0.0796392198755499	1.34819058917674e-14	1.34819058917674e-14	1.34819058917674e-14	0.236374507269333	0.0390980640777524
"TCGA.EB.A5SH"	0.013668807103064	0.0564920453872496	0.00834012256718139	7.82201288092707e-13	0.0307295740698047	0.0748540378235671	0.0183991003516898	0.0570258717896613
"TCGA.EB.A5UL"	0.127166844050294	1.63346223581787e-13	0.00825575243474049	0.0181203333720506	0.152508517120968	0.126798374816383	0.063253826712151	0.14772488839556
"TCGA.EB.A5UN"	0.0524850674201607	0.0621338438184777	0.041826635365142	0.124968461583548	0.0680981275448963	0.0466565195226397	0.0532389858385705	0.18073505921605
"TCGA.EB.A5VV"	0.0237585268242626	0.121760868285907	3.19724734766855e-05	0.0384330256554674	0.172250502035836	0.0204297772307351	0.344579085812178	8.2350114793172e-15
"TCGA.EB.A6L9"	0.0125617581806028	0.161678233155397	0.00909653240700793	1.0684420504924e-14	0.045647186026795	0.0370576176455133	0.172567664406049	0.0297180908061342
"TCGA.EE.A17X"	0.0238398981847757	1.07622016383452e-14	0.0251698382034131	0.0059313437216666	0.0357011761768835	0.0707701290987821	0.00934807194330203	0.113368104091632
"TCGA.EE.A17Y"	0.0372171992224121	0.047833905560691	0.189048969420558	0.0480429955951049	0.027425109635101	0.146487340703689	1.03163838843908e-14	0.331222840544543
"TCGA.EE.A17Z"	0.083758015526005	0.0680339302361877	0.0307295660635811	0.0262141734958391	0.0253233606101175	0.247930796723761	9.39926299197881e-15	0.0396156858161507
"TCGA.EE.A180"	1.50830353520532e-14	0.0766328160252861	0.0621317348161712	0.177481171791358	0.0532136078184665	0.0530523338390314	0.0231433226451721	0.0122881573323032
"TCGA.EE.A181"	0.0204011748419841	0.0682389395779814	0.00236037372954164	0.196522153610052	0.0613002689585544	0.0902647107327584	0.174163731769919	0.0222821131480507
"TCGA.EE.A182"	0.0588711549264592	0.0120729059850309	0.073256320456976	7.08763685338507e-15	0.0222780267179686	0.0402270410033912	0.0110581936959195	0.0838589917523303
"TCGA.EE.A183"	0.0141408641855927	0.0891489637554818	0.0390588021275375	1.09333652990762e-14	0.123872349839753	0.0448959797331675	0.17544331263661	0.0758730628195581
"TCGA.EE.A184"	0.0214779926070563	0.0560033854725534	0.0116657110012087	0.0768105539302139	0.0573735200089	0.113645568937734	0.0329327977484377	0.121663308031901
"TCGA.EE.A185"	0.00373837529953109	0.0199405239136227	1.09276394935436e-14	0.0401977702956462	0.00555417876094463	0.0662373678714148	0.00164155324023994	0.162649173689057
"TCGA.EE.A20B"	0.0345680457552102	0.173876596709105	0.251617540176997	0.0961994221904808	0.0986202160643705	0.0869688715271447	0.0759077364830509	0.0594457963304441
"TCGA.EE.A20C"	0.0106650570909254	0.0573466646398488	0.00834397814397621	0.0460105268909224	0.0345061999268085	0.0553369171575059	0.0214495954472956	9.14882637429711e-15
"TCGA.EE.A20F"	0.0266324997316283	0.0614555882840851	0.0215080544919495	0.107916380584915	0.0488620272038511	0.100164500926245	0.0373213418102721	0.092772878555397
"TCGA.EE.A20H"	0.0394292156838079	0.0918066573161993	0.0541635250917275	0.102177131042288	0.0980212044750839	0.384558010948032	8.61213360733001e-15	0.11053952067074
"TCGA.EE.A20I"	1.37470936158716e-14	0.0745201092243184	0.158517558266025	0.130130158335755	0.0192167085754264	0.0848505806749999	0.0277944267649764	0.147322835427928
"TCGA.EE.A29A"	0.0212184405758626	0.17546357265441	0.193113383181784	0.103595803035764	0.123079764180756	0.0534308785090122	1.17975495962433e-14	0.117951826720929
"TCGA.EE.A29B"	0.00328606472375572	0.0159157627574369	0.00159086778849647	0.0216194006875235	0.0180107239433223	0.0506191981141865	0.0150389691833747	0.0271463189253214
"TCGA.EE.A29C"	0.0359445049265913	0.236120960837484	0.170256411683683	1.09147020882276e-14	0.0713094831878046	0.0615574432830455	0.00312913358873152	0.19946112500772
"TCGA.EE.A29D"	1.30177993028201e-14	0.104311601704092	0.0429378989855179	0.194115960398339	0.111412410257629	0.129517907475081	0.0295499565351361	0.135705209743113
"TCGA.EE.A29E"	0.0126779803379188	0.0483046736224059	0.0407536377569754	0.0510065449316411	0.0132966684721207	0.0694599397691298	1.24698279575006e-07	0.169467609365986
"TCGA.EE.A29G"	0.0621088234297389	0.144017083756618	0.0382065508917616	0.0125505669941559	0.209245527009177	0.229204891488374	0.00648032215378655	0.23440036144135
"TCGA.EE.A29H"	0.0285901546912709	0.0475315664557549	0.0208619853537494	0.0987196787636738	0.0632069745896395	0.10542243594529	0.0529442958505654	0.127431004225739
"TCGA.EE.A29L"	0.0130106531200527	0.0140841203941974	9.64416305827761e-15	0.114210004765821	0.0473973628896362	0.106606513655657	1.34404338567077e-13	0.0925305723317806
"TCGA.EE.A29M"	0.0697444376812783	0.0510023414125029	0.0164855035545911	0.164070380983287	0.121424974508352	0.0768771120215294	0.0788010013659292	0.120560625204232
"TCGA.EE.A29N"	0.022387258301543	0.0345765120555925	0.0717985843270383	0.0925061995357446	0.107126807625787	0.18714444516496	0.235756171822249	0.126952694632699
"TCGA.EE.A29P"	0.0418243729442979	0.0595226092430237	0.061826464601482	0.100608782868714	0.0561150038218597	0.102799788111274	0.218745462883331	0.127286402222158
"TCGA.EE.A29Q"	0.0408110296633208	0.0799242701635047	0.0299375867780821	0.17971538984736	0.170114872815667	0.0878035706853973	0.00372628233584403	0.0111766271293694
"TCGA.EE.A29R"	0.283908430401958	0.137874285521688	0.100124888227228	0.0523540273677897	0.074216880968863	0.102333941386481	1.03603821932992e-14	0.117098261593624
"TCGA.EE.A29S"	0.011747429218793	0.102945032136165	0.237716468508462	0.086836911688015	0.0687530698973684	0.0716135400754813	0.0357939349615081	0.0782364693103889
"TCGA.EE.A29T"	0.00363649661725923	0.0727951125962358	0.0357134386674342	0.0791146157997204	1.15381814574778e-14	0.202456516832429	0.091798055954186	1.15381814574778e-14
"TCGA.EE.A29V"	0.00764198355627806	0.0451734282725816	0.0658725437493067	1.10828501465784e-14	0.0186671635017655	0.0518901384934663	1.10828501465784e-14	0.199526807330535
"TCGA.EE.A29W"	0.00321450542099883	0.309859624108835	0.207407585281995	0.133620485028183	0.0563519840203214	0.169787577120082	0.00255536876586668	1.02553445816859e-14
"TCGA.EE.A29X"	0.0169246872447048	0.0476051279483373	0.0501717945301141	0.0243942468994406	0.058698985109588	0.069460060291322	0.142184925681271	0.126588267744783
"TCGA.EE.A2A0"	0.00662708724727078	0.216136631934047	0.265092193951493	0.148491736012324	0.0077896186459458	0.0434450996469554	0.0942284013801967	0.00085020415324251
"TCGA.EE.A2A1"	1.22987039361964e-14	0.369928937773208	0.182396055052697	0.0552664192567748	0.101210714865394	0.0131871012012396	0.199058278076358	0.0148543854407244
"TCGA.EE.A2A2"	0.00632846841098065	0.0304006230669874	0.00761653172979613	0.172695126250212	0.0700332162337565	0.0244925953072457	0.0527944673072162	0.142886719154855
"TCGA.EE.A2A5"	0.0437431096415016	0.229564964517587	0.121586959283685	0.0798180329906124	0.185609150452315	0.204304276153978	1.28529623060589e-14	1.28529623060589e-14
"TCGA.EE.A2A6"	0.00683013445695347	0.0481407151357662	1.90868842733411e-05	0.142512401698382	0.102918747044048	0.0706196970735087	0.165473532335576	0.102117706790933
"TCGA.EE.A2GB"	0.0646297870320198	0.110711211195507	0.0256358081580725	0.262573305810619	0.115586757558337	0.189124013753861	0.016116997736368	0.00318954355626017
"TCGA.EE.A2GC"	0.00935222712067508	0.0363995401728765	0.111892946744662	0.237040417659428	0.0342884631442667	0.103114356803635	0.110123776135658	1.27483105110585e-14
"TCGA.EE.A2GD"	0.0045286783392229	0.176704775661399	0.325779443512174	0.143433610090714	0.0298866281468078	0.0601530386189542	0.0756485940115441	0.112166978724377
"TCGA.EE.A2GE"	0.139843704734366	0.18859374152951	0.237434106703603	0.0127042347250845	0.0831717985188772	0.0615803057184766	0.173221265787296	0.0617590032326225
"TCGA.EE.A2GH"	0.0789226009979858	0.033198711039949	0.209894374821226	1.16226684718104e-14	0.0358427403780164	0.0963194603790553	0.121858538697815	0.0505404372037719
"TCGA.EE.A2GI"	0.0567088652410587	0.0595750232387268	0.0376849970670765	0.0180985187760691	0.0890634496779548	0.107931325420856	0.0688340127328304	0.108971387306354
"TCGA.EE.A2GJ"	0.0267619544143925	0.0979760935925963	0.0373635359684409	0.229112994566301	0.0237774651777942	0.0239775011816165	0.153955538569172	0.123864846564589
"TCGA.EE.A2GK"	0.0223470406783453	0.130211660844132	0.0350993330550109	0.0501916612896823	0.158697988919098	0.0672804831197801	0.408198696619881	8.67594848871362e-15
"TCGA.EE.A2GL"	0.0098798835768378	0.16442953756895	0.0247562645658408	0.106813803770749	0.145746692087661	0.0908324666927171	0.283496977307273	0.089690564081291
"TCGA.EE.A2GM"	0.0511893449287632	0.0714708834465971	0.0214659403611375	0.0676242297517727	0.096292607333156	0.0449226818331514	0.00589367883191611	0.0477209817823657
"TCGA.EE.A2GN"	0.072695679512703	0.154383609905801	0.147016081524957	0.0835515558726076	0.164312675124437	0.176893252931723	0.015648064496303	0.0250555105587035
"TCGA.EE.A2GO"	0.0273644607475738	0.0883344341496967	0.0878738506379439	0.0950795551086418	0.0461510516549263	0.0858461327982266	0.0133785055125592	0.16142560882241
"TCGA.EE.A2GP"	0.0213135906196976	0.211246429146826	0.210675085087878	0.245419835581197	0.0745836876440816	0.112405381974092	0.10612460838982	0.0182313722254406
"TCGA.EE.A2GR"	0.00267483501664347	0.0601190631470397	0.0600897366931733	0.222290990413961	0.058641063728768	0.0452194704301664	1.25684703558044e-14	0.0154048794634199
"TCGA.EE.A2GS"	0.11618234442573	0.143084562022289	0.0938449922361831	0.109139980509713	0.0921403523339868	0.232457039554846	0.027812026631773	0.000321376063091951
"TCGA.EE.A2GT"	0.0220988544605351	0.0989519523254954	0.0112164977270437	0.0248185125589522	0.0958546812891192	0.109630054501025	0.213371851104185	0.0938772478849601
"TCGA.EE.A2GU"	0.024888418830422	0.0300246584166739	0.00153148079727936	0.236920829773066	0.0040845630509885	0.14007071236004	0.0853237548719542	0.0399895958578735
"TCGA.EE.A2M5"	0.0074264371945418	0.0128831351511384	0.0477964831262792	0.0389508200013074	8.28410166282203e-15	0.0853373596700017	0.0142288455327093	0.460527079024451
"TCGA.EE.A2M6"	0.0412716875262546	0.0390170244751658	0.0304995675914042	0.0768326907457198	0.00723259887628588	0.175843710919463	0.0641003072926455	0.112982295855655
"TCGA.EE.A2M7"	0.0203210763404473	0.232283370779588	0.0944003895817287	0.157378066458052	0.189497172961801	0.0587284716438589	0.086345174406113	1.07194754264544e-14
"TCGA.EE.A2M8"	0.0457368504192514	0.100196827330936	0.144670617230791	0.087751874232828	0.0745460272404933	0.00449403487396615	0.425596746484212	1.22515531008679e-14
"TCGA.EE.A2MC"	0.0300889534845169	0.0719987687804367	0.141787284630836	0.0890023098222922	0.0194481371491267	0.140392799396009	0.137967174527432	0.273632524540412
"TCGA.EE.A2MD"	0.0589502602735754	0.0318805473610399	0.0255446765589099	0.233130289044177	0.0508934761876332	0.163746490588683	0.0225992842548463	0.0445941353259291
"TCGA.EE.A2ME"	0.00412080436716395	0.270233951851149	0.134565280306078	0.143023325214663	0.0514399223496773	0.0387401112542289	0.292196279587698	1.0589974839636e-14
"TCGA.EE.A2MF"	0.0203887668157488	0.0514789496869532	0.0041548639365252	0.200486958310456	0.0790279842610483	0.0533877559484972	0.0496711196731205	0.000215941845569457
"TCGA.EE.A2MG"	0.0163753479658969	0.288525438328381	0.138954079026379	0.0753331582145343	0.0760962073144048	0.078727211510833	0.279145896693211	1.08758587065061e-14
"TCGA.EE.A2MH"	0.0734766343594917	0.0593152346786551	0.00474832254180325	0.0383690368218019	0.0950644537406817	0.131032693060554	0.160102056269184	0.0480064241442468
"TCGA.EE.A2MI"	0.0271421110933916	0.183931216198438	0.117152163614113	0.168861770443568	0.0470817540772372	0.09999176960233	0.111918621884251	0.0891960541171325
"TCGA.EE.A2MJ"	0.0709527779557011	0.127285932600139	0.010661212376463	0.093582585114515	0.0800949293645885	0.101986767630532	0.236938760016967	0.0590526604975607
"TCGA.EE.A2MK"	0.00361609649133657	0.109533703878579	0.0864109919927336	0.197927117241324	0.0433841120144724	0.0130674361845274	0.148871409910059	0.01884025091944
"TCGA.EE.A2ML"	0.0520924287532653	0.0967377742576554	0.0171687929076534	0.247064612476728	0.0451385142288812	0.0590039954022957	0.0919965786509715	0.0598729476604136
"TCGA.EE.A2MM"	0.024803634182518	0.125180242159302	0.0268053335210019	0.15544142927665	0.134927216942788	0.00440177469190725	0.0202781985596219	0.128277025896002
"TCGA.EE.A2MN"	0.0296671450924753	0.0403386963203546	0.0149867956504272	0.100298209392667	0.0299210220020507	0.041777274431242	0.114893077167398	0.0106343641732325
"TCGA.EE.A2MP"	0.0289545918238305	0.0939174136761524	0.0170415138900759	0.0366116034600602	0.117053776520352	0.145101329660548	0.0775599764379472	0.0720797100481012
"TCGA.EE.A2MQ"	0.0238731988538101	0.0950988757067509	0.126375977479006	0.105240058125252	0.0670882746437645	0.0807483384096302	0.0570888184014935	0.149192921513879
"TCGA.EE.A2MR"	8.9910737191679e-15	0.148051352148984	0.143710133369582	0.135780783657688	0.11545653909525	0.114072304831121	0.253801003351318	0.0673008366685766
"TCGA.EE.A2MS"	0.142415836223107	0.0678233384288642	0.0280611028316835	0.0966654947894225	0.0521022484470393	0.391788519395656	0.0206945143362524	0.0393588225616287
"TCGA.EE.A2MT"	0.0613395752197948	0.0574165433874659	0.0180266043715005	0.0900318181214451	0.105080385229197	0.0383216626321415	0.0177700947634035	0.230711055174152
"TCGA.EE.A2MU"	0.0312027569023701	0.0120055146974904	0.215539708011435	0.00387339091520991	0.0186219108725668	0.207797909111432	0.17727565438066	0.0489878406839201
"TCGA.EE.A3AA"	0.0586028762591011	0.120562763691277	0.0137316850990884	0.188683130013456	0.0675203300532306	0.0204324017744176	0.190667767015874	0.141042694438184
"TCGA.EE.A3AB"	0.0612536123533155	0.051365572756157	0.0858281538008279	0.00903325152643303	0.0386818167577803	0.182942420058497	0.110294579922354	0.187300399097234
"TCGA.EE.A3AC"	0.0315250853087904	0.0393772770196311	0.0225950432812712	0.197363425486081	0.0712440412630337	0.0450646039227241	0.0892979415147227	0.0656300548549179
"TCGA.EE.A3AD"	0.0733492520623602	0.0810946360720371	0.0132303644419414	0.203000664267519	0.0651609220433035	0.0819285142524944	0.0144838593696967	0.120478360921891
"TCGA.EE.A3AE"	0.0149784426351451	0.0890909428674604	0.0249205502025967	0.205941226045679	0.0720557691910464	0.0380476945626792	0.101661706535402	0.0394134113381213
"TCGA.EE.A3AF"	1.41934230095513e-14	0.0160434721201952	0.0817102839265795	0.0381107454758016	0.0281048369009905	0.101095171579352	0.0868829025641881	0.106192926088116
"TCGA.EE.A3AG"	0.0490845610890137	0.0494087922435527	0.047606256922457	0.0622815992939848	0.0804082433351768	0.265994133131979	9.01200320395298e-15	0.247390178981139
"TCGA.EE.A3AH"	0.0607330524131324	0.171414108292841	0.066639664381105	0.0829109494751627	0.0807796863750308	0.0779574972548139	0.000219512503009941	0.122242518361868
"TCGA.EE.A3J3"	0.0741573394464639	0.150395726720041	0.247151773037402	0.116021515462343	0.099602960417911	0.109991133032675	0.0498147348546362	0.00350442818768737
"TCGA.EE.A3J4"	1.40388617084712e-14	0.0826123303919394	0.065706412671024	0.050908371273561	0.0678765551698646	0.00121924962636923	0.0028281712484413	0.062440244141723
"TCGA.EE.A3J5"	1.78194809391388e-14	0.0766940516534701	0.137529548206812	0.0410595131405353	0.061004893217096	0.0662966456358692	0.0805532228354152	0.110454713348994
"TCGA.EE.A3J7"	0.00209694672933398	0.0669005528027664	0.00593566486936681	0.0946291885335229	0.139931012109521	0.2402334222339	0.00616328459141193	0.100344227090777
"TCGA.EE.A3J8"	0.110073175848202	0.0471546961039902	0.0155143536601483	0.109955599118745	1.21636245848219e-10	0.253875481878464	7.74989561639537e-15	0.0281133772023278
"TCGA.EE.A3JA"	0.0235109928569789	0.0473271762980671	0.0770248117807509	0.236921839117083	0.00699566016535885	0.0311149315869214	0.0524269656433805	1.06645192589648e-14
"TCGA.EE.A3JB"	0.0280284766318922	0.0834058248143129	0.233764161254859	0.116258071562953	0.0572843238237529	0.0980627727580702	0.0833641093474952	0.217033545758046
"TCGA.EE.A3JD"	0.0409833084069141	0.0940789966233039	0.0354137408963137	0.167928478017306	0.0297832501356699	0.0206941453478157	0.294428958309966	0.0901453432814871
"TCGA.EE.A3JE"	0.0375280225941397	0.183891410222174	0.236996960682271	0.0692147467841184	0.0813043101891888	0.0418704124830857	0.225942414899415	1.02557034210618e-14
"TCGA.EE.A3JH"	0.0058795733900009	0.0461813731334405	0.088836790927976	1.38349433125238e-14	0.0260413722942072	0.0371254975666095	0.433502441262296	1.38349433125238e-14
"TCGA.EE.A3JI"	0.0477084613347693	0.0405805374224028	1.09357816755532e-14	0.262717040090482	0.0377786427356722	0.00887522876054457	0.0573689129174818	0.0200986784403262
"TCGA.ER.A193"	0.0315692639335566	0.291253783756227	0.181724246159269	0.0725259183294855	0.0916648444725083	0.0642616053683134	0.130318503040114	0.0364862770247299
"TCGA.ER.A195"	0.155030150475225	0.130490751066004	0.248141764302679	0.0936279137783911	0.0728015516438513	0.103689696390568	0.139072467603093	0.0404309614300007
"TCGA.ER.A197"	0.216448048408503	0.0594663182267833	0.0700962890422293	0.00432111495689303	0.0229731409248854	0.127639296258044	0.105195889076313	0.21070845604117
"TCGA.ER.A198"	3.24054029970377e-13	0.0194040226790402	0.00211454731654928	0.201771654476281	0.015926286010757	0.075560479243265	0.143386273474075	0.073817783927499
"TCGA.ER.A199"	0.00105234365653645	0.0517167846103181	0.0252526867499623	0.0144987254641277	0.0794904391045886	0.164088748130993	0.207788331498081	0.00309052756943012
"TCGA.ER.A19A"	0.00719607927711052	0.205238087850296	0.249570022279088	0.0802828133928475	0.0350541016233721	0.0235633795011079	0.228760396158478	0.167236115748047
"TCGA.ER.A19B"	0.0422405603676496	0.112249879657948	0.0809807967799741	0.0464815652512443	0.0712787154788824	0.271806794467198	0.0339515248180913	0.0172870857905052
"TCGA.ER.A19C"	0.0287208079917714	0.118908000461045	0.144052695685768	0.0921041872492503	0.0184859879810822	0.0963688915581285	1.4339270784096e-14	0.144674760410375
"TCGA.ER.A19D"	0.0477405803410166	0.203171579869809	0.195567011218287	0.0890623140458027	0.104340417229762	0.286753779259504	0.0708077439542751	0.000759973571308456
"TCGA.ER.A19E"	0.0605316950143955	0.156078697995129	0.11691407714101	0.107792698928116	0.0942406965030219	0.127995257132596	8.93387553502338e-08	0.110033797470139
"TCGA.ER.A19F"	0.0251865254363069	0.0214057814270212	0.073878456037068	0.205458161105083	0.0379856832391119	0.0613856529796041	0.0136991272858858	0.0550302624446067
"TCGA.ER.A19G"	0.0158378582564571	0.0242016304377158	0.0345525112872751	0.150618073246156	0.113163387893622	0.0416016750980858	0.194633521676389	0.103684042759128
"TCGA.ER.A19H"	0.0434174653235929	0.176359383454826	0.139403810125884	0.184559103599039	0.0612286650507683	0.160138637130013	0.0934233625073143	0.0529380150622807
"TCGA.ER.A19J"	7.65076819394453e-12	0.167045375482135	0.269542826835717	0.143730132777028	0.0661765368552441	0.052884013561314	0.0134302113800806	0.0783932921382644
"TCGA.ER.A19L"	0.0255321084983341	0.231063871650573	0.102434357929031	0.0849355784607992	0.0240112305681411	0.214803155230336	4.58213803522171e-06	0.000103499986442302
"TCGA.ER.A19M"	0.0147847119150606	0.0321853308007787	0.232433232427146	0.0789131274313386	1.45337546500712e-14	0.0774683396772612	0.0878769659836097	0.118761827529898
"TCGA.ER.A19N"	0.0450494072393849	0.0224236513909406	0.233121623447664	0.014242860013792	0.0500855580769404	0.0299649330871271	0.243659763502892	0.0367244499758575
"TCGA.ER.A19P"	0.0976841260280052	0.0921831065932033	0.075093850554753	0.072319415916219	0.177348560011972	0.0587677131499072	0.364196678477832	1.08122743093223e-14
"TCGA.ER.A19Q"	0.108255611097996	0.0300284689643003	0.158288107058804	0.0246060458858949	0.0403506880501924	0.0781538471996754	0.165192650274979	0.121916557432561
"TCGA.ER.A19S"	0.0276858347865781	0.0413430403430783	0.00805659144172594	0.0860624968927472	0.00234093221178413	0.019534388458616	0.270503251586259	0.0525684398244194
"TCGA.ER.A19T"	0.0127382221237142	0.121178613346928	0.0487210075124666	0.000711911782024121	0.0680851667516091	0.103950984824017	0.0401259975521856	0.0142594213881934
"TCGA.ER.A19W"	0.00311660856415169	0.0384537044231029	0.0778129527090056	0.120103412847503	0.0644067067033587	0.0309663208337676	0.364766863444935	1.43069282549225e-14
"TCGA.ER.A1A1"	0.0498239723315804	0.0944096656491226	0.0215295991502604	0.097633645248244	0.116357503455506	0.0751905889435149	0.383355755361275	0.0710860464191917
"TCGA.ER.A2NC"	0.0267578111355263	0.270282034374323	0.185278677443515	0.0633667542240736	0.0916290311431843	0.229829218816994	0.098624874447411	0.015232392237158
"TCGA.ER.A2ND"	0.0173612649145863	0.021449980101918	0.00695413522821581	1.0036137141673e-14	0.0832393443715812	0.0592187467651318	1.0036137141673e-14	0.105214205402732
"TCGA.ER.A2NE"	0.0808065681039965	0.0403677797402477	0.00663660717253618	0.135626654509541	0.02748814138451	0.0392440448377321	0.0106862861947509	0.156863998083981
"TCGA.ER.A2NF"	1.22392499742079e-13	0.0519678790354371	0.00133860152331877	0.023257881737625	0.022519488449162	0.00752566817090001	0.00752884451882535	0.0517130626195133
"TCGA.ER.A2NG"	0.0563720098499725	1.17678094479433e-14	0.068969921130687	0.0892057520101166	1.17678094479433e-14	0.0745747156147356	0.164207593233527	0.25012542397606
"TCGA.ER.A2NH"	0.0794463969021726	0.115003884358781	0.146411539296111	0.0399030654071008	0.0853596029245221	0.0523237808595814	0.237087249054157	0.118949466010286
"TCGA.ER.A3ES"	0.0430833171577636	0.0337853855888485	0.00158996680761755	0.0356113791876655	0.0169767780472495	0.0220634421347177	8.69557635371919e-15	0.0012763926915479
"TCGA.ER.A3ET"	0.110011804847559	0.128879042455316	0.184351565614799	0.136368672031873	0.0621928969408736	0.139289682522445	0.0834574096676326	0.0790492410185341
"TCGA.ER.A3EV"	0.111304005698702	0.0495563806085333	0.0115494089031729	0.00642514921844632	0.00675804817722396	0.255604806119841	8.97439934450217e-15	0.0408363844923745
"TCGA.ER.A3PL"	0.0248749936789877	0.1445790136465	0.205474970971133	0.128380250184315	0.13657900501419	0.0756093063218706	0.00570519257617641	0.0147361384912349
"TCGA.ER.A42K"	0.0247233628832512	0.134280487652866	0.085782083597075	0.103508762853998	0.0738949885299913	0.151352447412247	3.65127171395147e-13	0.120126526955566
"TCGA.ER.A42L"	0.110290103348027	0.228425018323516	0.0433696546146788	9.01404635854386e-11	0.189489214406007	0.122891232343603	0.159110614381343	0.0132570282391337
"TCGA.FR.A3YN"	0.0647863787135958	0.0474366917201609	0.0214968979200701	0.147300226427238	0.134312313316508	0.022034756543398	0.0389191224957635	4.02321362321812e-06
"TCGA.FR.A44A"	0.040956340295155	0.0360052904364014	0.0771837872195016	0.06761379797578	0.0105259685339231	0.0580553195046435	0.278122911865417	0.0834790187062732
"TCGA.FR.A69P"	0.00184730414342165	0.182654652139489	0.201623230933475	0.171042312418225	0.0927549303149972	0.0873148963852407	1.21165649303292e-12	0.0256933350902236
"TCGA.FR.A729"	0.259049802646909	0.0802434455398622	0.0266967720360902	0.0547605968672808	0.192873871516737	0.0619277204281709	0.166202683396205	0.047481031474823
"TCGA.FR.A7U8"	0.0511784719291861	0.0167270573057032	0.00702565959757996	1.16124297478862e-14	0.0253722964657655	0.113456345780124	1.16124297478862e-14	0.0472863849847026
"TCGA.FR.A7U9"	0.363220823217	0.0118269386844368	0.185437325320088	2.80788672156957e-10	0.0380496388875762	0.013757204866419	0.090653311044912	0.149116869103586
"TCGA.FR.A7UA"	0.0616753654642117	1.16459447381991e-14	0.0682746633381049	0.0358076642792075	0.0848807324452616	0.032834311659152	0.400546557764542	0.0535329088578954
"TCGA.FR.A8YC"	0.00514129505521973	0.0663329001713336	0.0162204784740967	0.0746584435526387	0.142500051028136	0.034503976589861	0.0245646042660038	0.017193045872947
"TCGA.FR.A8YD"	0.0200363364933889	0.0162298013497789	0.00703099581620855	9.35513496269835e-15	0.0447800665939524	0.0579335393867341	9.35513496269835e-15	0.0114918955324377
"TCGA.FR.A8YE"	0.0543464253602555	0.195288606827226	0.11012040356368	0.103952758560196	0.179772453492287	0.0236541293745483	0.294841256891121	0.0196631438443549
"TCGA.FS.A1YW"	0.013122006181583	0.135369545026449	0.00272043096621852	0.224762645898736	0.132220502361289	0.0655273596376983	1.26661026421016e-14	1.26661026421016e-14
"TCGA.FS.A1YX"	0.0550418813355393	0.133300271423681	0.205108120566368	0.188844265931192	0.0935256459111633	0.045055113725714	0.0541988629289286	0.0668344582199296
"TCGA.FS.A1YY"	0.0072743507196056	0.121852257079972	0.247348985680616	0.0549971364665287	0.0556523482236878	0.0306629854122959	0.00348193734485396	0.0622927562906646
"TCGA.FS.A1Z0"	0.0767033620400001	0.0968522932111056	0.0705670973474568	0.194770026866427	0.0568247342286778	0.162869163713804	0.107912257721798	6.6691069467725e-09
"TCGA.FS.A1Z3"	0.0555604482760855	0.0756493961277702	0.0881678450495402	0.253258601821206	0.165281204545292	0.18291368276707	0.0114044744022974	0.0163633800118273
"TCGA.FS.A1Z4"	0.0448665496030715	0.123365437457333	0.118215870161064	0.135966817244893	0.0734382557362065	0.106111675180257	0.249375451738504	0.0442180348991332
"TCGA.FS.A1Z7"	0.0494924584171196	0.402159118770954	0.253758645326586	0.0383717819100869	0.108766781364847	0.0758833370306943	0.0274049307643764	1.13627891534761e-14
"TCGA.FS.A1ZA"	0.0316656618402784	0.102635861150914	0.0564721573194801	0.123487009131635	0.12682674077186	0.0962454647180604	0.0179319963120162	0.191790292127358
"TCGA.FS.A1ZB"	0.0067573553914354	0.185678924646351	0.177087529981669	1.09633290044986e-14	0.0922465744169464	0.00145955696288756	0.0867058343714751	0.263546403924673
"TCGA.FS.A1ZC"	0.0404444478845971	0.062059256061925	0.0920627922097512	0.0943327271899509	0.0720229356151197	0.308152326923761	9.40976052720177e-15	0.132236318634386
"TCGA.FS.A1ZD"	0.015639285187771	0.153926154818801	0.164241688194146	0.17355074102598	0.141002026270988	0.292443252952403	0.027520270623406	1.70462548119205e-05
"TCGA.FS.A1ZE"	1.11080364391041e-10	0.121654227856694	0.0524532134683182	0.143244988808948	0.215002526669048	0.0865928323974307	1.22260202002094e-14	2.77983442238506e-05
"TCGA.FS.A1ZF"	0.00774782341915208	0.118606614007954	0.21584309003016	0.0438297969091297	0.244103681835379	0.128642648053455	0.00706506409659215	1.35416514300201e-14
"TCGA.FS.A1ZG"	0.00209671454500513	0.0738828008848782	8.62927000925652e-14	0.161549240916949	0.00599805712302678	0.0406239516543866	0.0171111599412985	0.0234868478733886
"TCGA.FS.A1ZH"	0.0300522167777111	0.225019489948698	0.237609441555605	0.0853817299857344	0.159034668394545	0.092258492909963	0.147171529437152	0.0234724309905544
"TCGA.FS.A1ZJ"	0.0930457869634625	0.0763150679451634	0.0189258879066961	0.131132898805572	0.0924129212064346	0.193127693598862	1.13190150683426e-14	0.0516282766370825
"TCGA.FS.A1ZK"	0.0885050255802221	0.0188713922106795	0.0360073780491836	0.127511151404413	0.103754495584601	0.329251003979002	0.00245563755330798	0.11138354162593
"TCGA.FS.A1ZM"	0.0268928403660824	0.137874553413531	0.249271988978097	0.128351318575639	0.119837994755231	0.11302227079078	0.13471014715392	0.0705368627343409
"TCGA.FS.A1ZP"	0.0409954765853071	0.2801111389971	0.0628258976882247	0.144684750378686	0.0115366441946139	0.0651527915911816	0.0350490161907048	2.63006554681295e-08
"TCGA.FS.A1ZQ"	0.0295020163188865	0.0572907672795653	0.0299402958284891	0.0325829808192215	0.105950514865249	0.215764448399331	0.00696800381300089	0.0709283515822029
"TCGA.FS.A1ZR"	0.000328987223274308	0.22700108234999	0.072598176098976	0.115612418881477	0.188768605468424	0.276607350573879	0.0150867583569684	0.0107422445486604
"TCGA.FS.A1ZS"	9.20450410620276e-15	0.100054288089468	0.219538092716597	0.176536406487222	0.000233208253652393	0.120698718273444	0.0154964879351757	0.198204433876634
"TCGA.FS.A1ZT"	0.0325653614423162	0.154333125864058	0.0656507042525349	0.186083938430625	0.0536363305324284	0.0884000447170456	0.0901972286513492	0.0532215573257015
"TCGA.FS.A1ZU"	0.0113413265624734	0.0315430200137191	0.0136802734632787	0.0110647408945171	0.0238350926498399	0.138381019375666	1.11434546867904e-14	0.0718941319701617
"TCGA.FS.A1ZW"	0.0264905161821724	0.0209539237711373	0.0137495244115505	0.222230596664723	0.00156104529004782	0.0271807514113214	0.103427800440126	0.0156493006188508
"TCGA.FS.A1ZY"	1.12634676988875e-14	0.0571584117829894	0.0222599283792235	0.0270888514817925	0.0499661946794805	0.113217926813002	1.12634676988875e-14	0.049883160263547
"TCGA.FS.A1ZZ"	0.0162495075807119	0.104957006312672	1.06642904296904e-14	0.142409631317139	0.102636441477038	0.0183312276454221	1.06642904296904e-14	0.0745857863381681
"TCGA.FS.A4F0"	8.66435254968621e-15	0.0847881428201606	0.00717428425368432	0.170619882292751	0.209943076320035	0.132242589799417	0.00691882885743357	0.00743837020155964
"TCGA.FS.A4F2"	0.361683486317118	0.0146519577572392	0.0214910795880961	0.0353805520261257	0.0669390261907033	0.0500896434476772	0.0166371523700859	0.14541760703343
"TCGA.FS.A4F4"	0.0316403310694414	0.0620902007796624	0.148759178743764	1.09813803608033e-14	0.0243127000078796	0.0805238968623042	0.00996081689101283	0.0638869284224032
"TCGA.FS.A4F5"	0.0329445286299726	0.079064941617193	0.08002019472316	0.0791115606756717	0.211005438396826	0.109514485331253	0.0135076815515035	0.153245190367115
"TCGA.FS.A4F8"	0.0258977482201316	0.323760296810618	0.123618931963197	0.0271854542493211	0.130963114543162	0.0164745091368058	0.238802715428873	2.25007637592762e-11
"TCGA.FS.A4F9"	0.0251409112112038	0.0579861982767338	6.50215611027977e-11	0.0533291053722836	0.00141656803212408	0.109602036260186	0.0326779575116472	0.0440690023505506
"TCGA.FS.A4FB"	0.0322348919260433	0.143212217673279	0.0876688243322141	0.0309520731377808	0.200047662881858	0.099805843916332	0.0154940922900253	0.0277448616100494
"TCGA.FS.A4FC"	0.0446454382113223	0.171128380708105	0.118043725624646	0.0925585432879018	0.181687093878755	0.0441067663810661	0.000607681265886693	0.2077358417242
"TCGA.FS.A4FD"	0.117128464660803	0.106582563685558	0.106005405745985	0.0711576159722983	0.185860063388144	0.123104806098525	1.16219451236043e-14	0.0174823230344156
"TCGA.FW.A3I3"	0.0350630148314365	0.0598022142119631	0.00539365898384201	0.0993101097084422	0.111591758532675	0.200357583169854	1.08468475459851e-14	0.172997629805423
"TCGA.FW.A3R5"	0.012246017264715	0.0807055821940381	0.16966034631345	0.145868908029012	0.0360014610189468	0.134522551068412	0.036390570697349	0.0757383646543795
"TCGA.FW.A3TU"	0.00908939112085442	0.0132956017079436	6.80937023462373e-09	7.20151526749417e-15	0.0291781695911126	0.0637202957213443	7.20151526749417e-15	0.0249681338812671
"TCGA.FW.A3TV"	0.0274754253651671	0.0995469646206896	0.0658695473032125	0.205324020317252	0.0419869642896553	0.05686775302792	0.0412163334982186	0.0716132086624824
"TCGA.FW.A5DY"	0.0157752572842965	0.0996500191943426	0.026616704661761	0.0144453286328062	0.0945821807722353	0.200615136186566	0.274008131917831	0.0175873486359295
"TCGA.GF.A3OT"	0.0010028914236968	0.00790685820999929	0.232353714100598	0.0359936788622536	8.20707689196734e-15	0.0700963460112263	0.0246470096707921	0.417890342688956
"TCGA.GF.A4EO"	0.0179136724601525	0.0281404050538046	0.0110668511318312	0.0492563469591004	0.0266815898238849	0.0445877597304022	0.268944629887044	0.00128476700073959
"TCGA.GF.A6C8"	0.0476765464019231	0.0540072225357178	0.039755160329555	0.0280254633150206	0.0819810895717624	0.106926342718286	0.065604575872078	0.0811773418109005
"TCGA.GF.A6C9"	0.0228155454383372	0.0372007967517638	0.108473706452785	1.15312970712077e-14	0.113537009712165	0.00128561059510122	0.215835520258575	0.182546311517658
"TCGA.GN.A262"	0.0348799879873563	0.038073820809684	0.0113478050692127	8.46565952800304e-15	0.0682278364024157	0.0818038451914803	0.00948905483265447	0.00295715272034731
"TCGA.GN.A264"	1.23778751469214e-14	0.10967860969087	0.259209176421327	0.191506322783392	0.100104316173014	0.0998704722759732	1.23778751469214e-14	7.59657593493342e-12
"TCGA.GN.A265"	0.0339085863482985	0.108964532610299	0.265750724507698	0.026545348165589	7.08822016966982e-05	0.128575760826442	0.181175254398875	0.135872433701262
"TCGA.GN.A266"	0.0208968782334842	0.121784469834384	0.299001284742408	0.125027299203155	0.104391502287013	0.0262041512684552	0.181605963344292	0.0726046482166152
"TCGA.GN.A267"	0.0711774723172527	0.0115001102378957	0.0427690977722755	1.28821080861749e-14	0.0405120215737665	0.0333036835586672	0.0154962096106777	0.0179087130343395
"TCGA.GN.A268"	0.0250076148685005	0.0122352396100363	0.00231006372068809	0.15763857769049	0.022423451037008	0.144746096459504	0.0135969918571843	0.079963091321921
"TCGA.GN.A26A"	0.0733361533535722	0.0445249177819208	0.162512818350552	0.0582682569520909	0.0637311290228133	0.101577914669477	0.0900658464831349	0.264427383472285
"TCGA.GN.A26D"	0.0501488170705177	0.0629091819685892	0.0424106888002936	0.128529459803674	0.017064278238898	0.15026409875382	2.05905812239292e-14	0.115581637034428
"TCGA.GN.A4U3"	0.0194042366008633	0.0355993818466214	0.00964934598900835	0.0668904401011854	0.212858167445768	0.0392377944404838	0.0378537022704147	0.0242037970994844
"TCGA.GN.A4U4"	0.010344781551702	0.0266481265909117	0.00998921406325181	0.0754643252554329	0.048927491391319	0.0382049061091612	0.0174812667567203	1.25971405299466e-14
"TCGA.GN.A4U7"	0.03601050146966	0.0167251111648593	0.000406457681483638	9.59856689829847e-15	9.13743439469531e-09	0.117308217063122	0.000961580133208444	0.0613616789405903
"TCGA.GN.A4U8"	0.0123954871951786	0.0295359747198653	0.00782793512391649	0.0292150230333325	0.0626986287353849	0.100539951499788	0.146267588679751	4.6641645715169e-14
"TCGA.GN.A4U9"	0.0542527594542575	0.0427427738474698	0.0537854149139411	0.0630493462364454	0.133830379312945	0.442595067019191	0.00110111895120871	0.0225233531306447
"TCGA.GN.A8LK"	0.00778644241708232	0.0152038373524876	0.00177298051633394	8.94790325098266e-15	0.0451696018615228	0.0624844961307948	0.004884168483929	0.0891376741237829
"TCGA.GN.A8LL"	0.0402110807422184	0.0829903924166072	0.000768974124763624	7.67694225514078e-15	0.0708547915333096	0.0428945192127289	7.67694225514078e-15	0.0831883885048897
"TCGA.GN.A9SD"	0.148683298266483	0.205292160810169	0.055170704760711	0.0217383835634489	0.1182919672012	0.0581892914294497	0.208296540470507	0.00576107820234388
"TCGA.HR.A2OG"	0.00924588858427496	0.123785734719624	0.341109757674823	0.0846090458737162	0.12901505525489	0.0884971779618609	0.101150345148587	0.0652157188424304
"TCGA.HR.A2OH"	0.0631078452866202	0.00152758587046341	0.0124526212952959	0.0445522404731736	0.0183914569449784	0.0670577736356897	0.345372232529377	0.103735371130885
"TCGA.LH.A9QB"	0.184242205917472	0.109707031983887	0.0363908463679997	0.0383133267392878	0.223691586090615	0.00639700866268663	0.0139651682154016	8.82752755975282e-11
"TCGA.OD.A75X"	0.146367665332866	0.0432298123544451	0.0225981807628161	0.200261305641216	0.0975074221573823	0.08890654570124	0.0060056499523031	0.0574607161689268
"TCGA.QB.A6FS"	0.0210024026980367	0.0258148333107331	0.0238112602655901	9.26624578452035e-15	9.26624578452035e-15	0.0115415541019955	0.0454684881169339	0.0632531345798263
"TCGA.QB.AA9O"	0.0881323108043019	0.0101710879862557	0.0108301089044287	1.1094751184376e-14	0.0609922162383447	0.11117451523341	0.0468609616998609	0.108619096928355
"TCGA.RP.A690"	0.00525933553763463	0.104533255574938	0.00641926113801728	0.0434506233951186	0.0575676042845893	0.0679475937405149	0.00477624543886766	0.0128280860854777
"TCGA.RP.A693"	0.010739487092048	0.171798013115043	0.0762176500077991	0.0922914276540652	0.159873412346474	0.0391736102853138	0.147162849706566	0.0593319102343505
"TCGA.RP.A694"	0.073740648522163	0.135478732138637	3.15362322157536e-14	0.126622736906509	0.0653054868195051	0.0957615058392962	0.0294071599947871	0.0601245514637051
"TCGA.W3.A824"	1.4462935723938e-14	0.026402498474776	0.0131709974106709	1.4462935723938e-14	0.0499096521072118	0.0459580585153061	0.080311556927533	0.0198746149342187
"TCGA.W3.A825"	0.189066605916572	0.0814806877708547	0.120342022427773	0.00977095680163952	0.11893475719738	0.365290036990291	0.0390227256523884	0.0482680503180202
"TCGA.W3.A828"	0.0679046695743973	0.230472408546641	0.275470037321184	0.0433383161183208	0.146343045481382	0.171892373429468	6.41689660216179e-15	0.0176539410130619
"TCGA.W3.AA1O"	0.0630894271723152	0.0663023923339071	0.056110548556955	0.123093481961336	0.135874176140518	0.0949905898647145	0.0133450684364302	0.0899232580095206
"TCGA.W3.AA1Q"	0.00922071930229985	0.0423726781259249	0.0107172737113633	0.00963782523463084	1.32920671576419e-14	0.0588809722656789	0.0107697141693316	0.0178299243822617
"TCGA.W3.AA1R"	0.0293317314585079	0.0196887961145238	1.16088322485315e-14	0.0516315110040243	0.0606020395147274	0.124297092591932	0.0029098351467514	0.155173890774919
"TCGA.W3.AA1V"	0.595708831480677	0.0142585979155154	0.0818687699706543	0.0452960646343763	0.0285750468597459	0.0128385978751564	0.0201140117674179	0.130748813653419
"TCGA.W3.AA1W"	0.0346455509008593	0.00629179575666277	0.000158198945380808	0.056425056273709	0.106779236338759	0.0286288504408457	0.349058579898681	0.00131759295692807
"TCGA.W3.AA21"	0.0104994322002552	0.0187335616883681	0.00489305171894349	0.00381646152507887	1.03480243806424e-14	0.0281336687991271	1.03480243806424e-14	0.0267196615060077
"TCGA.WE.A8JZ"	0.0411032466891731	0.0996076561881083	0.0670645268435138	0.153896450621906	0.196335844989074	0.114208789498185	1.34533534632604e-14	1.34533534632604e-14
"TCGA.WE.A8K1"	0.0790314133303649	0.0337756003511016	0.0532210308855916	0.0755737347587784	0.148022518683537	0.116604244612318	0.179044910723046	0.0155663196766661
"TCGA.WE.A8K5"	0.0369687003366158	0.0971407986612259	0.223375197053314	0.0168083713609857	0.152050867572633	0.0644224618312225	0.0052211844857584	0.0406826908262401
"TCGA.WE.A8K6"	0.0265910067900587	0.07879742990732	0.0653014480098287	0.000135223722817804	0.0790878903980972	0.091215374951347	0.00401170440087341	0.086563548449153
"TCGA.WE.A8ZM"	0.0789959023051462	0.218986967495076	0.0741163298849983	0.0341684626268018	0.236782638340829	0.292144030896333	9.46698432343451e-05	0.0393787384501984
"TCGA.WE.A8ZN"	0.0287532413332293	0.0611623684563372	0.0463977401472329	9.12591762515666e-15	0.0173059612385316	0.00685909175609389	0.0162050974975148	0.0205165551554771
"TCGA.WE.A8ZO"	0.0595245194684775	0.113931479241326	0.00481614561800152	0.167623745115247	0.0936569670059825	0.0957119548067782	0.0818033979430806	0.0463486110087724
"TCGA.WE.A8ZQ"	0.119563967061735	0.126763814610033	0.0541250013905896	0.122341091643537	0.20114726599451	0.299253395480894	3.49497922338411e-14	8.7677863534801e-15
"TCGA.WE.A8ZR"	0.0877847537044904	0.0135256109541942	0.0365001387817877	0.165159727526174	0.0873858412041472	0.197424860005135	0.0317833208015055	0.110326374409518
"TCGA.WE.A8ZT"	0.021501282010256	0.133987233384218	0.0249619501481549	0.151685723704809	0.112544354283425	0.0370972674821069	0.00320549215438519	0.000511027526158718
"TCGA.WE.A8ZX"	0.0132508081407697	0.0947100492427727	0.000335724729727878	3.32047074044019e-12	0.208462631250261	0.122806484089938	0.0649801125694901	0.163691553562595
"TCGA.WE.A8ZY"	0.0356192442928446	0.0527670920301588	0.0764090461849928	0.139415746092715	0.145669065829228	0.106089816798506	0.0259685028883137	0.197124819432339
"TCGA.WE.AA9Y"	0.0334989308870623	0.267320751882013	0.26628225939231	1.6029475857447e-12	0.0214728714028728	0.18731232206704	0.00777359112547204	1.11487501602516e-11
"TCGA.WE.AAA0"	0.0260375587809589	0.0415520470133939	0.0416622907549017	0.0717379928135206	0.1000198465487	0.0225807191694873	0.0802518433253771	0.0840997700671271
"TCGA.WE.AAA3"	0.000373833062473194	0.217713098028274	0.143808747712169	4.03496594498778e-07	0.0615692862231339	0.1016934261199	0.046942290028955	0.0637615807743847
"TCGA.WE.AAA4"	0.020746593762604	0.00748692677629748	0.0643961690550586	9.6980197382088e-15	0.00184593152934608	0.0133545146927989	0.139358176609446	0.0665210649209461
"TCGA.XV.AB01"	8.76698654905546e-15	0.0452866272421954	0.0312949813075486	8.76698654905546e-15	0.0263218401979507	0.0188889911292225	0.0038255175732072	0.0336039708281312
"TCGA.YD.A89C"	0.0647630084455917	0.0736126379156879	0.036066232137976	0.0234191860066557	0.0837069310824118	0.100807947775571	1.02299320085179e-14	0.0305502389612098
"TCGA.YD.A9TA"	0.0882279848427996	0.0931320426662485	0.131931531991514	0.0728020929110527	0.219327870519178	0.203882104930961	0.035852660879891	0.100548418795742
"TCGA.YG.AA3O"	0.00222703292009193	0.053028176662138	0.0796776900448958	0.133041041718519	0.0790670792234763	0.168965747756661	2.77325124495449e-05	0.106103775593408
"TCGA.YG.AA3P"	0.0343081405591879	0.0179047284828364	9.40814377548717e-15	0.0588898457088699	1.93022953166324e-07	0.066894636227818	9.40814377548717e-15	0.0106944882708005
"TCGA.Z2.A8RT"	0.066440528364214	0.052278417635125	0.029325867308355	0.0710656081196156	0.256507501641172	0.132159630367117	0.114106583073476	3.0524233708904e-12
"TCGA.Z2.AA3S"	0.00204620633907539	0.0301493112866963	0.00780197408368854	0.169155228809331	0.102508099301669	0.0937004818117194	0.0142668571876769	0.0046832810562401
"TCGA.Z2.AA3V"	0.0363168340874157	0.0114475878421497	0.00878441903865562	7.13742695991217e-15	0.0122119955998975	0.0407702037823272	0.0799680193202502	0.0461952541441874
