"ID"	"S01"	"S02"	"S03"	"S04"	"S05"	"S06"	"S07"	"S08"	"S09"
"TCGA.3N.A9WB"	0.00292845166792267	6.36099331341353e-15	6.36099331341353e-15	6.36099331341353e-15	6.36099331341353e-15	0.0170793427102882	0.0174939381671483	0.0416542431137016	0.0687056511529002
"TCGA.3N.A9WC"	0.140640636768401	5.63635650530588e-05	0.342386113043294	0.0524288116094728	0.0168925289495422	0.0485257032881722	0.115315913132148	0.0793659957388509	0.0277232073620209
"TCGA.3N.A9WD"	0.0501859419009586	1.02822518505468e-14	0.00684895759408174	1.02822518505468e-14	0.0386382467081273	0.0137400164585696	0.0466998408200976	1.02822518505468e-14	0.0185424444107992
"TCGA.BF.AAP0"	0.257589471048879	0.144993429783083	0.220409148311992	0.0352195222262236	0.0225207202430943	0.102296160171826	0.058701652896783	7.637879820895e-15	0.0196056833773406
"TCGA.D3.A1Q1"	7.23939385298116e-15	7.23939385298116e-15	7.23939385298116e-15	7.23939385298116e-15	0.0576417049016948	0.0207594689440988	7.23939385298116e-15	0.117644341784646	0.0632690621575449
"TCGA.D3.A1Q3"	0.281884861811827	0.0467764466824848	0.0419530289993718	0.00315962546784176	0.0816187196245981	0.0626879813657478	0.0884470087609137	0.255048391745806	2.31184138649016e-08
"TCGA.D3.A1Q4"	0.0107742881044499	0.0303484686330328	8.38012582101469e-15	0.00935435476382964	0.287114103180055	0.330988583250651	0.040307503816929	0.0881436667591577	0.0716052170661573
"TCGA.D3.A1Q5"	5.47282173977363e-15	0.00346659559428189	5.47282173977363e-15	5.47282173977363e-15	0.135204152281274	0.115860086974398	0.106824188614001	0.0746377268339107	0.231684572728248
"TCGA.D3.A1Q6"	0.00362144755557288	6.61040572048012e-15	6.61040572048012e-15	0.0736512392019506	0.0405217910981268	0.0852792216264903	0.349795878422611	0.142228506634622	6.61040572048012e-15
"TCGA.D3.A1Q7"	0.18350445567056	0.0210259739305556	0.259237472666459	0.181784451243513	0.199226040496923	0.0532877879105655	0.0498532574334774	0.0406415869463396	0.00951796263409037
"TCGA.D3.A1Q8"	0.0644636159881907	0.0101361076324347	6.19196863719283e-15	0.250848201154212	0.244072387169678	0.266847071278036	0.0297479665210228	0.0567867453308519	0.0282066936873527
"TCGA.D3.A1Q9"	1.07876404945996e-14	1.79349770859048e-07	0.0620778758934785	0.0629153915385752	0.0129278747156963	0.0613118702848684	0.151290934809336	0.168255490999038	0.0681320634351845
"TCGA.D3.A1QA"	8.88946974534506e-15	0.0178915399569066	0.0351719024845051	0.0140097575192335	0.0114885047288292	0.066356395529905	0.0984621569912718	0.39464302227913	0.0115180566932783
"TCGA.D3.A1QB"	0.107307495014333	0.078477628998869	0.372489357031048	0.011827908502756	7.40626525959048e-15	0.0179487618274344	0.155182765965478	0.0256854407160013	0.0824472792934476
"TCGA.D3.A2J6"	1.70373595096838e-11	0.0448432765417964	0.0236081217235895	8.74873753992895e-15	8.74873753992895e-15	0.0210741893231084	0.0512523961391474	0.130271023627836	0.032875113603577
"TCGA.D3.A2J7"	0.0669852315237504	0.0541456714758381	0.134757132452531	9.93951757871944e-05	0.0746129901408274	0.156195977591949	0.0423898638212254	0.15896401401965	0.127426196372173
"TCGA.D3.A2J8"	0.13747534999104	5.89857530252921e-15	0.182309033153659	0.214065718550058	0.135108617247521	0.0723232673298879	0.152625192582286	0.00850603353099356	5.89857530252921e-15
"TCGA.D3.A2J9"	0.284100483338069	0.0553106339075651	0.293696347482697	0.108198398196948	0.112454926885096	0.0194546432598167	0.0427905349634829	0.0137711449318494	0.0135186132314624
"TCGA.D3.A2JA"	0.11637945361122	0.0174996481896538	0.146492344252671	0.181312108756424	0.112684992963844	0.261308628392867	0.00238826517497732	0.0757176109347731	0.0643390903692554
"TCGA.D3.A2JB"	0.411840782046545	0.0829041334571637	0.135822638284233	0.000320677880474562	0.0770070512326551	0.00229410022202529	0.0597573400136162	0.0663192285704176	0.0329576836823026
"TCGA.D3.A2JC"	0.00825533459295621	0.108358393833041	0.175102732121898	0.136977973229593	0.0129567589000598	0.0582781960301332	0.0980522550219149	0.0438135835954933	0.174122588930399
"TCGA.D3.A2JD"	0.159526259606681	0.0308371041569714	8.23197632373697e-15	8.23197632373697e-15	0.073010280401161	0.051456345321358	0.00579088567909805	0.0172769602830417	0.0546916944121054
"TCGA.D3.A2JE"	0.000359393085466483	6.30830211773635e-15	6.30830211773635e-15	6.30830211773635e-15	0.00759519500226813	0.00364140215430304	0.16496793280102	0.108808149177726	0.074876468383901
"TCGA.D3.A2JF"	0.116715712605375	0.0245902865747267	0.114301901139657	8.65959166652995e-15	0.0606808779634805	0.0135529496965725	0.150720152544569	8.65959166652995e-15	0.0968798109873176
"TCGA.D3.A2JG"	7.73216209360118e-15	7.73216209360118e-15	7.73216209360118e-15	7.73216209360118e-15	0.0166246186782671	0.0157170289126411	0.0475641007927627	0.0135578454336018	7.73216209360118e-15
"TCGA.D3.A2JH"	0.170267730573181	0.0552219226959352	0.37335245467466	0.0735684677091604	0.0755272559711996	7.66914083962652e-15	0.0676395833293787	0.0638201734015979	0.0684980874880533
"TCGA.D3.A2JK"	0.00125032254951766	0.0769596668187558	5.74149657064154e-15	0.006931674092177	0.0107637277097352	0.0374329567029024	0.00263499666297954	5.74149657064154e-15	0.0122920305142067
"TCGA.D3.A2JL"	0.0750192885835989	8.71126591603021e-15	0.119386171026162	8.71126591603021e-15	8.71126591603021e-15	0.016404532227806	0.0677246169274454	8.71126591603021e-15	0.0589443668815285
"TCGA.D3.A2JN"	0.0472363146112507	8.2919569206341e-15	0.0402536293272674	0.0226935748376759	0.0398198814958237	0.0932907131269502	0.210207772250012	8.2919569206341e-15	0.0323805351619852
"TCGA.D3.A2JO"	0.0887198583604683	0.0476263982309097	0.278173583778257	0.245248175747154	0.0247746161509643	0.0252011199220196	0.146901567439709	0.0548553348989335	0.0375709534338103
"TCGA.D3.A2JP"	0.0502501677842637	0.0610029281878374	0.108185342273648	0.010307922247776	0.0943234014358545	0.0221362190833425	0.101830910226641	8.97738309003146e-15	0.0572848338817249
"TCGA.D3.A3BZ"	0.0794478587596884	0.0591985504546792	0.0774937586846872	0.210882806581092	0.200562929361972	0.135228369918838	0.0429838382938306	0.0935199251353143	0.0512165475758958
"TCGA.D3.A3C6"	0.0005649377862792	0.00759620837976155	8.25679650446068e-15	8.25679650446068e-15	0.10200572862966	0.0628559067773643	0.206341192552213	0.194388242057139	0.0638192464096439
"TCGA.D3.A3C7"	0.00995481087262781	0.171537997886747	0.150887187857028	0.168893682426545	0.0658652601171984	0.0607273199231293	0.0415984970850652	0.000483511037232478	0.0668988725620921
"TCGA.D3.A3C8"	0.228819259309567	0.113479129677237	0.335560605556699	0.0771654926092313	0.0369069713908801	0.0449675678016897	0.0493595944434189	1.36129892715599e-14	0.016911152105774
"TCGA.D3.A3CB"	0.233262023337069	0.127955923616542	0.242283871593401	0.168419251578492	0.0511371665777086	0.00990301901097386	0.0905285153552874	0.00229265918412343	7.17630332035542e-15
"TCGA.D3.A3CC"	9.62905731101438e-15	0.109583859374964	0.00279541231832666	1.29209329515342e-11	0.119727402536257	0.137688069337205	9.62905731101438e-15	0.328758034507313	0.0864676962929241
"TCGA.D3.A3CE"	0.204904166530599	1.13842347338207e-13	0.181660386405999	0.0741236915339164	0.161786782475075	0.00408171588565816	0.0929602642635379	0.11529397117701	0.0548214881307794
"TCGA.D3.A3CF"	0.311521680009967	0.0397834674780133	0.105340530446841	0.171223396356615	0.123573845348123	0.0658953287292322	0.0298796344014709	0.122198933379906	0.0104584126060049
"TCGA.D3.A3ML"	5.63097892459051e-15	0.00709016885917511	5.63097892459051e-15	5.63097892459051e-15	0.00970816886192395	0.0172868787222307	0.0238527322539899	0.0480001657328064	0.0343977732697713
"TCGA.D3.A3MO"	0.00174652943202034	7.01011601609565e-15	7.01011601609565e-15	0.021921644595983	0.08348844395614	0.197557236267482	0.175050870055592	0.0811783856195464	0.150697627230935
"TCGA.D3.A3MR"	0.1183935098056	0.0756471320940723	0.232891569177798	0.061834971611682	0.0288836488998143	0.0462523076655378	0.0581750237824318	7.57382594921661e-15	0.0924831523118421
"TCGA.D3.A3MU"	1.06311716804366e-14	0.0649616194114868	0.0147232397558309	0.0329922498083025	0.0193242996559933	0.2943849622771	0.0202249706610441	0.0734951742825943	0.00693130942388219
"TCGA.D3.A3MV"	0.00990499061590318	8.74957088747783e-15	8.74957088747783e-15	0.0401335707322813	0.0782005456853428	0.0955896816428118	0.199143881919637	0.0944381638041493	0.159854950399359
"TCGA.D3.A51E"	0.0442247220517728	0.0188917214508238	0.194293452101457	0.141229681519612	1.32963447076297e-08	0.00603209842996202	0.194144260004676	0.0324599547224078	0.0766777455982474
"TCGA.D3.A51F"	0.218901716907539	0.194171869381731	0.216953897435374	0.162120238632922	0.0445476611220826	0.0817764000889696	5.03889996805189e-15	5.03889996805189e-15	0.0491092952317002
"TCGA.D3.A51H"	0.441529778644476	0.0396093652486121	0.0865195760163616	0.033920587052979	0.0413589448207879	5.08652859868687e-06	0.0509355778552487	0.00565716103367675	0.111959037850594
"TCGA.D3.A51J"	0.227237136445663	0.0773215993717706	0.308278569257817	0.0254133519374122	0.11172514629474	0.0364789251448788	0.0476927508994241	0.069866748412249	0.0169200690464971
"TCGA.D3.A51K"	6.0315410215076e-15	0.0427695588277687	0.0124544999565145	6.0315410215076e-15	0.00680086197600824	6.0315410215076e-15	0.0315241680499066	6.0315410215076e-15	0.0200594653489273
"TCGA.D3.A51N"	0.00880222197420752	0.0527467860002404	0.106183829991434	0.13466878801424	0.0278330171180177	0.0313820019182048	0.0970824971284076	8.02981199671302e-15	0.103510760219709
"TCGA.D3.A51R"	5.44659899804705e-15	0.0114744300196276	5.44659899804705e-15	5.44659899804705e-15	0.0384627012287242	0.0806585045463718	0.0450312425462264	0.106393069281955	0.108550713239769
"TCGA.D3.A51T"	0.0255924703373622	0.0172196125826648	0.0208561714237273	0.0539572797227072	0.0163170709039842	0.0333716576688734	0.209379292659612	0.179187694930244	0.0625289656088264
"TCGA.D3.A5GL"	0.00297490603692503	7.70915082196219e-05	8.26607643915972e-15	0.0127507148823498	8.26607643915972e-15	0.114345971491092	0.00791131660848331	0.149387367655394	0.0184600945724643
"TCGA.D3.A5GN"	0.00602420506039186	9.4483701455825e-15	0.0911303174270859	0.0469727954033542	0.103318707308982	0.134778112639447	0.337121496982163	0.0701901486697861	0.0857771019357923
"TCGA.D3.A5GO"	1.00086292021108e-14	0.168316477930456	0.0609554596624807	5.64923714013042e-06	1.00086292021108e-14	0.182132187345489	0.0405802371921546	0.0243917282964533	0.0751362680850848
"TCGA.D3.A5GR"	0.230873671340306	7.2791832003714e-15	0.0773982658420215	0.105444217254928	0.082196392655068	0.0985570913500773	0.2073359489395	0.0524887984859127	0.0893943866070016
"TCGA.D3.A5GS"	0.0396170950386872	0.253933234441152	0.103037787526202	9.26578398951423e-15	0.0502949869015129	0.0899949600569307	0.0484399934028305	0.0725273119560499	0.0996005703298521
"TCGA.D3.A5GU"	0.0726355315392215	0.0635993621460495	0.0521000115904394	1.05980421129885e-14	0.100899670009603	1.05980421129885e-14	0.101144580799596	0.0818852727570078	0.11684303160237
"TCGA.D3.A8GB"	0.113554470302516	0.120789482404144	0.0363936691540967	0.0111654675308259	0.0816318260176055	0.0943967020292105	0.0649896351468605	7.55982876591293e-15	0.123583758918634
"TCGA.D3.A8GC"	9.37276116550025e-15	0.0207533174562137	0.0144135838122077	0.114020309779551	0.0219982543641352	0.0530249686106843	0.148683969900891	0.221748152808444	0.112550296647803
"TCGA.D3.A8GD"	0.265410940906323	0.000626272435075762	0.323967749239315	0.0986911821847353	0.0177512162005784	0.00804974285400185	0.143785951728138	1.91728663203797e-11	0.0645798078142421
"TCGA.D3.A8GE"	0.154131583328032	0.0407267118791051	0.0226337217996177	0.0175925311764886	0.217555823692534	0.231352847646286	0.0440988359984772	0.0235256635831775	0.199478506871219
"TCGA.D3.A8GI"	5.83561650442522e-15	0.0195894210677445	5.83561650442522e-15	0.0121386478945257	0.0156463029757645	0.130118352545404	0.1080327102959	5.83561650442522e-15	5.83561650442522e-15
"TCGA.D3.A8GJ"	0.127431975343657	0.01443877624118	0.344139503998571	0.106173835931007	0.00506401064391226	0.00381165252812069	0.140539121508704	7.03692113592952e-15	0.0638094372728086
"TCGA.D3.A8GK"	0.00411452108312113	6.43246052940628e-15	6.43246052940628e-15	6.43246052940628e-15	0.000889370861862751	0.0179063416608319	0.0321099977086811	0.0422516291205814	0.0180711969858651
"TCGA.D3.A8GL"	7.19546838487944e-15	0.0181951432061997	7.19546838487944e-15	7.19546838487944e-15	0.0240065054260195	0.00331889198095583	0.00820921322924706	0.267897940436431	0.0152193827896293
"TCGA.D3.A8GM"	0.0443851192025092	0.0229809036277626	0.0768541899107567	0.179317715535481	8.34049294619336e-15	0.030838392291015	0.251670703498155	0.213977304455929	0.0856388566157688
"TCGA.D3.A8GN"	0.102399419503264	0.0203697596521599	0.0682311828170435	0.123956738207682	0.0685483004854974	0.0360015257703995	0.0969300920440589	9.60043686683665e-15	0.013322738169664
"TCGA.D3.A8GP"	0.0180350443093779	6.60315349487728e-15	6.60315349487728e-15	6.60315349487728e-15	0.00186330121293931	0.0160383880622821	0.0319306018530412	0.0650742320011782	0.103876183261961
"TCGA.D3.A8GQ"	8.09115016934204e-15	8.09115016934204e-15	8.09115016934204e-15	0.0455983731627216	0.0108979807977407	0.149695684507673	0.203845228177697	0.0978528481920421	0.0103205961407863
"TCGA.D3.A8GR"	0.0115755936426063	0.0114293487002459	1.12300924175762e-08	5.81417140223073e-15	5.81417140223073e-15	0.00988439933450165	0.0018523806513345	5.81417140223073e-15	0.0825658052808951
"TCGA.D3.A8GS"	0.0845547762720085	0.0694063656856909	0.12224655299615	0.110950167671054	7.23233501550291e-15	7.23233501550291e-15	0.0619431628108476	7.23233501550291e-15	0.0778140029664333
"TCGA.D3.A8GV"	0.00388729946974632	7.82671592447151e-15	7.82671592447151e-15	7.82671592447151e-15	0.00394957863366508	0.0243409048087062	0.100391339482656	0.014841919772154	0.0649801193554502
"TCGA.D9.A148"	0.0109969477119899	0.020768689071611	0.0195412730876605	8.52443789095026e-15	0.0100266153119639	0.0436303417046953	0.116468315979401	0.120411312252891	0.166785449245826
"TCGA.D9.A149"	0.13132090776797	0.129077447784873	0.225050162570699	0.0222166468380282	9.44771454711645e-15	0.0304832690611027	0.0284966837651326	0.212606207025709	0.0414141122676778
"TCGA.D9.A1JW"	0.130803117943072	0.126550789409358	0.238499387653157	1.11007021867715e-11	8.83584333173963e-15	0.0379566660074821	0.000222919139225291	0.148064316484591	0.0502364356630138
"TCGA.D9.A1JX"	0.0839572414052651	0.113271626911188	0.255339932977336	0.0964677328285113	0.0731119875737864	0.0501951146884041	0.0176878889168739	0.0783786419139945	0.0815731345893709
"TCGA.D9.A1X3"	0.000582309878315584	7.09918036557105e-05	7.56600469350928e-15	7.56600469350928e-15	0.0329389483228224	0.0851000941969089	0.0429243351924129	0.210981589048752	0.077575742090643
"TCGA.D9.A3Z1"	0.109428162268008	0.121024300315935	0.284701763364624	0.0727449458673177	8.00533269128695e-15	0.0144146450307199	0.0797933889871843	0.149289342649787	0.00415292794943957
"TCGA.D9.A3Z3"	0.148759191225873	0.0793776451793555	0.164179979702696	0.00209400370338366	0.049297590384063	0.116993535603075	0.0446399785045796	0.0188671455379137	0.112514327238405
"TCGA.D9.A4Z6"	8.38194186986718e-15	0.0321195299666667	8.38194186986718e-15	0.00365888657281002	0.0497023996214983	0.0471610867484912	0.0876738907545995	0.12117117090843	0.0990937848203287
"TCGA.D9.A6EA"	0.000446169963265231	8.62722424514638e-15	0.00238652086278587	2.07721941886828e-12	0.0116741019518088	0.0461282789232164	0.086705122120081	0.0572448274029608	0.100112143432653
"TCGA.D9.A6EC"	7.84745068307052e-15	0.0162413126194848	0.00404115047424037	7.84745068307052e-15	0.0123254609666817	0.026765707870965	0.146439332559955	0.154831062677849	0.0844204518489141
"TCGA.D9.A6EG"	0.0174083927399144	7.35081165639184e-15	7.35081165639184e-15	7.35081165639184e-15	0.0285685015150345	0.0837501863766013	0.0261002018116658	0.233811459981267	0.105523123999384
"TCGA.DA.A1HV"	0.11022787182813	0.184488210068172	0.21376382642949	0.123317329074038	0.00414019652851171	0.0049413744179585	0.148185139732719	0.0435903327390922	0.0758563688247239
"TCGA.DA.A1HW"	0.199522986261326	0.0140372575231876	0.251749783889453	0.0783866229764618	0.0516915689194164	0.0307365208211597	0.131396811641868	0.0576814869541479	0.0696397495163611
"TCGA.DA.A1HY"	6.71240485688539e-15	6.71240485688539e-15	6.71240485688539e-15	0.00613458216848615	0.0912055730418481	0.282126182326864	0.150861287009052	0.0904028175843645	0.125978025852788
"TCGA.DA.A1I0"	0.00746702899205342	0.118131235415998	0.0235212009418695	0.000124415483753892	0.0215665053311594	0.066075987733634	0.0263638042357942	7.24388306439655e-15	1.80773367233336e-12
"TCGA.DA.A1I1"	0.129916764046344	0.0573802407746949	0.17253208534117	0.22357609180541	0.11659815261258	0.117011328315063	8.78545443520837e-06	0.0613354616796624	0.0812809099541606
"TCGA.DA.A1I4"	0.00505817016673742	0.253051068006595	7.12801067528863e-15	0.289725378266528	0.107708362381551	0.152434240772107	0.0138019332319491	0.0218483349720807	7.12801067528863e-15
"TCGA.DA.A1I5"	0.0995229837481621	0.145750038505728	0.111928230418636	0.249258167758865	0.0622696910646538	0.0718214798537703	0.126724513390376	0.00557920787081848	0.0119951524610889
"TCGA.DA.A1I7"	8.94353298660158e-15	2.37818703855151e-12	2.34669571442543e-08	0.034699359230439	0.0589419278357591	0.33653841196027	0.14854293598097	0.0956705185740631	8.94353298660158e-15
"TCGA.DA.A1I8"	1.14569142611796e-05	0.0581371787620426	6.0322937065312e-15	0.140723871759838	0.0323899009575974	0.1719434958683	0.28913083007739	0.0350303392299444	0.134565151950257
"TCGA.DA.A1IA"	5.76741251650022e-15	0.00844918610567499	5.76741251650022e-15	5.76741251650022e-15	0.00214896588383139	0.0181389511056686	8.34262668211524e-11	0.00761709706967287	0.0701772938008835
"TCGA.DA.A1IB"	0.3413791974385	0.0658469095950257	0.241741785798698	0.11972896141222	0.0138371908008227	0.0303687731826279	0.0622891511971781	5.86442141068522e-15	0.0100552930770525
"TCGA.DA.A1IC"	0.0147379711777957	0.035884955468845	8.54784060826014e-15	8.54784060826014e-15	0.0782667617568922	0.102629606066123	0.0505509813891084	0.162256879125493	0.0587737930948939
"TCGA.DA.A3F2"	0.0936810904426093	0.314838926590724	0.102075754100685	0.0513327870381134	0.0371955117729632	0.111128730998834	4.03721748385403e-15	4.03721748385403e-15	4.03721748385403e-15
"TCGA.DA.A3F3"	0.00974384524327189	8.9902056148471e-15	0.00232788710191549	0.000664042660029807	0.0467426443917139	8.9902056148471e-15	0.230253981170026	0.161442391829895	0.0667483996662566
"TCGA.DA.A3F5"	7.59180759556652e-07	7.20267870900895e-15	7.20267870900895e-15	0.0873710723575521	0.00734533221503506	0.124345550237986	0.204767403503695	0.0673699287219383	0.0526799347017321
"TCGA.DA.A3F8"	0.23040401742033	0.117454845974006	0.315358678015757	0.105784468552319	0.0346851608909751	0.0122257846165372	0.0386820778114371	0.0443808975312367	0.0192100884444663
"TCGA.DA.A95V"	0.00518423623214035	0.0266726918178396	0.0805791306354654	7.45858113546272e-15	0.00702537866924096	0.0132881352462315	0.0495383732583747	0.0274485067502164	0.0441202805259803
"TCGA.DA.A95W"	9.63694085567823e-15	0.0183313078547191	0.0119680477225742	9.63694085567823e-15	0.0789280040154909	0.0117194998457776	9.63694085567823e-15	0.0894046018090997	0.0611290335189488
"TCGA.DA.A95X"	0.00892505989739359	0.0897360734022063	0.0740813481356494	0.166878698298109	0.0786915383057159	0.0430681996584345	0.0548307195474152	0.250755832990764	0.140935654466653
"TCGA.DA.A95Y"	6.9357399970062e-15	0.0035676288535963	0.0025357560807463	6.9357399970062e-15	0.00566923341811158	0.00583241092540689	0.0185290911007394	0.103663163929754	0.0575857831744516
"TCGA.DA.A95Z"	8.96516000614948e-15	8.96516000614948e-15	0.00198040046590968	8.96516000614948e-15	0.0148382814551164	0.0236149961981553	0.0323008441943375	0.0505512817187512	0.0670696404533492
"TCGA.EB.A44Q"	0.146033683974824	0.136505428952536	0.185944744038658	3.78611594708205e-11	0.0129512600578544	6.4779089910279e-15	0.125215290332844	0.119265704288385	0.134605767325142
"TCGA.EB.A44R"	0.0496589179800341	9.11137231688971e-15	0.0634665985267147	9.11137231688971e-15	0.122923983335417	0.0486186322832398	0.0635724388892283	0.160770742688935	0.314953764044338
"TCGA.EB.A5KH"	6.59996474127362e-15	0.00120595601947089	6.59996474127362e-15	6.59996474127362e-15	0.00701397757713915	0.0316424927548414	0.0319510208459937	0.00725591813451263	0.000856045700505562
"TCGA.EB.A5SG"	0.0832312068752973	0.129227372094338	0.377534811658612	0.0982654681811539	6.29429167027265e-15	0.0346564728238746	0.0530654967159813	6.29429167027265e-15	0.0209172926624451
"TCGA.EB.A5SH"	0.00342115762212138	0.00495176295947403	6.48281959734761e-15	6.48281959734761e-15	0.0317516853328066	0.0102106924360126	6.48281959734761e-15	0.0830790876226595	0.00675811401224283
"TCGA.EB.A5UL"	0.0997162831805121	0.0481720013397568	0.0443941491744422	1.00467766193265e-14	1.00467766193265e-14	1.00467766193265e-14	0.092392651522717	0.0799237422465017	0.22182875296262
"TCGA.EB.A5UN"	7.46050816129165e-15	0.0189790703753263	7.46050816129165e-15	0.0973860365375173	0.0105739699436089	0.0754683635203534	0.186241630887805	0.110269616337982	0.0490493752766361
"TCGA.EB.A5VV"	0.473730629271511	4.53619246324033e-15	0.0312528041846318	0.0508898045383639	0.114251852038835	0.00241768075854532	0.0297039724758821	6.01389687663237e-06	0.0619491573647548
"TCGA.EB.A6L9"	0.312994325115317	0.022523138514445	0.0168243041585508	6.98210988277046e-15	0.101032935185491	0.0246677583736106	0.04915792939325	0.0145532864160198	6.98210988277046e-15
"TCGA.EE.A17X"	0.0035376241697492	0.0513394948242407	0.000390100508152815	0.0370790446159589	8.01819008694463e-15	0.0286161995135246	0.0108030216715236	0.107147432835878	0.0421826703239208
"TCGA.EE.A17Y"	7.37979422141455e-15	7.37979422141455e-15	7.37979422141455e-15	1.05145040214796e-08	0.0133198010740637	0.207639752721792	0.164550893015099	0.0970617932970594	0.0342837134629408
"TCGA.EE.A17Z"	0.00878477800699779	6.22611732457281e-15	6.22611732457281e-15	6.22611732457281e-15	0.0824839107924095	0.0214417305640054	0.127225552059199	0.0771075283607461	0.0403851429649479
"TCGA.EE.A180"	0.00446581151461782	0.00758705524498828	0.0107286616781942	1.03505153866164e-14	0.0161169727749083	0.077504068225157	0.0591343100312867	0.258780700345359	0.00232480039332581
"TCGA.EE.A181"	0.150764597478494	0.00437519853421526	0.246511132300206	0.164570558239157	0.0226930589532354	0.0138239437309602	0.0555086497017307	0.142798120770853	0.0698175623583166
"TCGA.EE.A182"	5.59593457138816e-15	0.123733206888941	0.00425621734384324	0.00184348746566899	0.0243739767668648	0.0750496371354917	5.59593457138816e-15	5.59593457138816e-15	1.17798509590114e-05
"TCGA.EE.A183"	0.228277083468459	0.0892093735251352	6.5037301050216e-09	0.0164871959120203	0.130262960184561	0.0597575219790677	0.0209164585279163	0.00604121543178855	7.69552766897217e-15
"TCGA.EE.A184"	0.0113895560815605	0.077344454596682	0.0970112374577193	2.47202703880087e-09	1.09838607604419e-14	0.0193879689395099	0.111002331314303	0.234709914353731	0.101273335003895
"TCGA.EE.A185"	0.00276881752310544	0.00419683861066551	5.70501259264783e-15	5.70501259264783e-15	5.70501259264783e-15	0.0175553825680401	0.00311054617247833	0.119162477801986	0.00844833054240423
"TCGA.EE.A20B"	0.0357873302154161	0.105132615800769	0.103081686784768	0.087545322024145	0.189664830383007	0.15507180740852	0.0607471751470672	0.128106408024729	0.0910982934151947
"TCGA.EE.A20C"	6.79260028219179e-15	6.79260028219179e-15	6.79260028219179e-15	0.0271883612354296	0.0184563020205793	0.0174611181823974	6.79260028219179e-15	0.0306065580637932	0.0424848811597475
"TCGA.EE.A20F"	0.00844113527951643	0.0493692052418927	0.176402122363038	0.103604381937057	0.0355919733205856	0.0228224329575649	0.237812523418432	0.131529989382947	0.0444185570945522
"TCGA.EE.A20H"	6.95712869077753e-15	6.95712869077753e-15	6.95712869077753e-15	6.95712869077753e-15	0.0551021318887746	0.0370133563752739	0.196500685827357	0.189650295442959	0.0960052238060803
"TCGA.EE.A20I"	1.03306109530998e-14	0.0146772918421085	0.0263880472237767	1.03306109530998e-14	0.0299776101707182	0.170971045356928	0.00629266860662674	0.215581784900552	0.0335364120278654
"TCGA.EE.A29A"	7.46470576766764e-15	7.46470576766764e-15	7.46470576766764e-15	7.46470576766764e-15	0.0660729426828077	0.169885528078384	0.0995424448082672	0.0822223731005994	0.0417863701329208
"TCGA.EE.A29B"	7.66830717682687e-15	0.108023326976133	7.66830717682687e-15	0.0455079274721408	0.0227851054849522	0.00510610652587219	0.0330035395320339	0.0868502945181816	7.66830717682687e-15
"TCGA.EE.A29C"	8.26619946889359e-15	0.0515150399264067	0.0003951041074396	0.0124524460886383	0.170912854750002	0.195497879332167	0.157047988276507	0.0592153027512879	0.00142035826059564
"TCGA.EE.A29D"	0.0114045877173869	0.026867094140157	9.12495675901905e-15	2.62089223999319e-14	0.00411714035572781	0.0807748512915868	0.0826900658139121	0.258460469151625	0.108581993599136
"TCGA.EE.A29E"	6.04848304222226e-15	0.0207773530644844	6.04848304222226e-15	0.00256972973529214	0.0164251569387814	0.0447834468690497	0.102626608453596	0.0918668917534627	0.0535746627967724
"TCGA.EE.A29G"	0.0564406192052129	0.111312026159472	0.0242163218677729	0.0205284539201044	0.235984760795714	0.0461704801121566	0.184869043772331	0.106884433393871	0.0369166172555114
"TCGA.EE.A29H"	0.0815526100164734	0.0260314251999202	0.0148380074078395	1.28423184883222e-14	0.00936518158620598	0.0651538661217751	0.0963074563491213	0.129565886020237	0.0767091824545519
"TCGA.EE.A29L"	0.00720409516891366	0.0219155734216474	5.506835452738e-15	5.506835452738e-15	0.00217511034047925	0.00493493290960505	0.0116394924801028	0.0662515616754204	0.0430176771200019
"TCGA.EE.A29M"	0.148294902267109	0.0262846889059169	0.0634122093511056	0.0270408927700389	0.0329896683685172	0.00638184421471763	0.172220333159774	0.180470871169467	0.147397499826632
"TCGA.EE.A29N"	0.238510170172793	0.0533911892561429	0.139967331170818	0.132753193733089	0.0452957731320153	0.0543051044050669	0.140078055379765	0.0847728798162727	0.0540067889436949
"TCGA.EE.A29P"	0.139330309867814	0.0658322542471616	0.356525899657408	0.113382037362609	0.0578171138810168	0.0326058905687606	0.0428622741644172	0.0664937682633471	0.0455759335486034
"TCGA.EE.A29Q"	3.0136814248995e-05	0.0128092488432412	9.46546029192662e-15	0.00679174084323962	0.0422152747596094	0.0132134960967498	0.0619351543631464	0.109071835662414	0.0905262419221585
"TCGA.EE.A29R"	7.78657195414987e-15	7.78657195414987e-15	7.78657195414987e-15	7.78657195414987e-15	0.107499839291128	0.0498054849561598	0.193000690701054	0.0238052969653957	0.140359630187537
"TCGA.EE.A29S"	0.0495301818621918	0.0806104176898327	0.0154103639573109	0.0666173250473652	0.108345662264313	0.202763832900325	1.04073342913495e-14	0.193189880513564	1.04073342913495e-14
"TCGA.EE.A29T"	0.0603186521706034	0.191592680130418	0.164622637714735	0.143105153244417	0.067027416679335	0.0427529706290967	0.0159141847588136	0.0325428046298484	7.52397540436037e-15
"TCGA.EE.A29V"	6.65080491682357e-15	0.0295482654231644	6.65080491682357e-15	0.00118483651508933	0.00622457710705726	0.0338318738419335	6.65080491682357e-15	0.0828103696458221	0.0429130901253418
"TCGA.EE.A29W"	8.39264449754362e-15	8.39264449754362e-15	8.39264449754362e-15	8.39264449754362e-15	0.245947431581692	0.191530219256275	0.062295365522792	0.117866959557147	0.0146514617114831
"TCGA.EE.A29X"	0.0598542322342877	0.207834363068323	0.098955310642362	0.190800239146811	0.0415941398125127	0.0579191653376112	8.64359984494404e-15	0.0871706953489919	0.000174267738426334
"TCGA.EE.A2A0"	0.159762973105021	1.51428824139721e-09	0.0856856632401862	0.215339414495907	0.206345301829999	0.143363852790491	0.000117981123291751	0.108184537933726	5.86434992344477e-15
"TCGA.EE.A2A1"	0.212523818380891	0.13410318841251	0.169411394299997	0.082772967182196	0.213925593177786	0.0978397076157086	0.00336008845280159	1.74926832015618e-08	0.0642041980783281
"TCGA.EE.A2A2"	0.160517564280483	0.0280688188462098	0.00883475272146529	0.0336048184570488	0.00920302096033939	0.0129253469795041	0.198761924574636	0.184192799111208	0.0337229184530714
"TCGA.EE.A2A5"	1.11085652902781e-14	0.0454995786879045	1.11085652902781e-14	0.0147361446085606	0.240186791014283	0.0881963873884672	2.91881471673385e-12	0.177611133389064	0.0743958220822594
"TCGA.EE.A2A6"	0.186797118531917	0.0642901841937691	0.0922840581174854	0.11593167618436	0.0303300549412559	0.0241559920065046	0.102425941460883	0.0909245172995683	0.0740061433471343
"TCGA.EE.A2GB"	0.00259469015520438	0.0130120455728203	0.0245139681648597	1.09750646016246e-14	0.0991393224626392	0.0321568946452885	0.0409710834463182	0.370084278943703	0.178323993611549
"TCGA.EE.A2GC"	0.118421934783733	2.71700574078734e-14	0.212398772714135	0.162709555983699	0.0484697346493071	0.0661508194921871	0.0167967296219789	0.147358817486494	0.0506033378592254
"TCGA.EE.A2GD"	0.0345711972327048	0.0270230286237139	6.21806126794945e-15	0.266586044293953	0.202575080598872	0.271925661757683	0.0812758033413421	0.114529320849508	6.21806126794945e-15
"TCGA.EE.A2GE"	0.154649445602016	0.0880788761436024	0.160810387728316	0.192939528856852	0.196573094988811	0.134106232280831	0.0284961442519582	0.00354566995227432	0.0303569091423957
"TCGA.EE.A2GH"	0.0815319133229999	0.104751963819983	0.353782283028283	0.0533815076607093	0.00291699265793352	0.105839075371976	0.0777044491935522	7.3650071410665e-15	0.0400492323814453
"TCGA.EE.A2GI"	0.0580264463771707	0.135874559888723	0.139152780734305	9.15844183814272e-15	0.000618554528455107	0.00268559545566651	0.2962542251526	0.00849004081968324	0.025521961276322
"TCGA.EE.A2GJ"	0.147179737003356	0.219005857315244	0.171071288875841	0.082562646242384	0.0309321316407992	0.0641247512076436	0.0189066409678069	0.144246491533686	0.0474421018052819
"TCGA.EE.A2GK"	0.490308551517263	0.0368124624286887	0.0136460552529513	0.0890106073030567	0.109399911139665	0.0145019155791902	0.0836734709148151	0.00413378690613941	0.0275453191443157
"TCGA.EE.A2GL"	0.478523858231475	0.00509196099752904	0.00865443364131726	3.74462528057497e-14	0.0959838288568667	0.0404529795811771	0.107031722274611	0.0875862774857306	0.0532353332476367
"TCGA.EE.A2GM"	1.06447367508592e-14	0.0554023916526428	1.06447367508592e-14	1.06447367508592e-14	0.0411550442968853	0.00948407506456657	1.06447367508592e-14	0.13935882556896	0.0509175337057379
"TCGA.EE.A2GN"	7.43067377798996e-10	0.0472803963797536	1.07493119668506e-14	1.07493119668506e-14	0.162720175212256	0.168122689372572	0.0134754225616217	0.167993766334256	0.0907241602539819
"TCGA.EE.A2GO"	7.09447435595784e-15	7.09447435595784e-15	7.09447435595784e-15	0.00670898374808306	0.0806199249062911	0.13996918677764	0.120565192278245	0.018065403922571	0.123040945809483
"TCGA.EE.A2GP"	0.0846707710580861	0.110017430117317	0.00152703620001099	0.294132498159385	0.176486331057945	0.105399667124053	0.0457513327582452	0.123182467539381	0.0588324659855509
"TCGA.EE.A2GR"	6.58573959897378e-15	0.0122625988407113	6.58573959897378e-15	6.58573959897378e-15	0.0242151855353143	0.0168410994451983	0.0327433919837768	0.142554667668152	0.0679084585207768
"TCGA.EE.A2GS"	0.0525431530381061	0.00217093912951377	0.0312618007656688	0.00272675430032405	0.116551658219644	0.0737218971725799	0.154845824868681	0.110106734284742	0.124407270348937
"TCGA.EE.A2GT"	0.312391774590308	0.0863309708281211	0.00694688143614462	0.0182720383068602	0.0822175047051487	0.0244125628692769	0.0780843719171854	0.0261565944177361	0.114236222776455
"TCGA.EE.A2GU"	0.1291570373896	7.53913956737751e-15	0.274517278662661	0.0364045568186396	7.53913956737751e-15	0.00284088089813655	0.0485626312723979	0.202956668026908	0.0641303839785946
"TCGA.EE.A2M5"	0.00594280597249182	7.04295791476825e-15	0.0478944706249606	0.109058296039447	0.0344724850161678	0.169487760349695	0.214995078332613	0.167744737220851	0.0259205716544607
"TCGA.EE.A2M6"	0.104916223316376	0.0238465587194883	0.0751443228545564	0.223395866321931	0.0210217192151389	0.0294797154744653	0.158310051912907	0.10709526437708	1.37594669180859e-10
"TCGA.EE.A2M7"	0.172161469722407	8.02174700961182e-15	8.02174700961182e-15	8.02174700961182e-15	0.185463314308454	0.059239885499538	0.0276306493372649	0.110996618354357	0.155079789639552
"TCGA.EE.A2M8"	0.247689369613715	0.146029235076881	0.275062480710276	0.0813316870955239	0.065804156865244	0.0663523637239291	5.45205782860671e-15	0.0158990915464078	0.0358716097989514
"TCGA.EE.A2MC"	0.102489103060022	0.0258456800635821	0.176042117063094	0.255073107586203	0.0917876393093714	0.142304257771808	0.102405329199754	0.05964797480581	0.027566253395219
"TCGA.EE.A2MD"	0.0721542778103744	0.000398658879072497	0.03191834813507	0.00398357558488739	0.0111632310143004	0.0190230218971386	0.253303235232279	0.218697982218586	0.149754889088651
"TCGA.EE.A2ME"	0.32371430579079	0.032060852158744	0.211880534500147	0.0950650719299964	0.139000440280574	0.0804184633422505	0.00924058057921708	0.0149949862798294	0.0239714066149435
"TCGA.EE.A2MF"	0.00185185489877607	0.08906201741759	0.106339809026997	0.0781589444243517	0.0715046141435792	0.0210784187516859	0.0677567284945958	0.180326018336619	0.0669802634737506
"TCGA.EE.A2MG"	0.380258361146126	0.050086405401921	0.0488583448680714	0.0769018155232047	0.203976530634828	0.0883757347656366	0.0715153698682689	0.0261063641903099	0.00885413506322301
"TCGA.EE.A2MH"	0.284517727864009	0.030290634726431	0.0961127944288391	0.0232771541798019	0.0650257861950457	0.0129372956316172	0.0929983713439571	0.0340938299866787	0.0403726469570758
"TCGA.EE.A2MI"	0.0960851460036839	0.136948929552146	0.0984499662523213	0.176580244569874	0.0738400431953599	0.161078766876034	6.34053899908948e-15	0.138643422010822	0.0597475286484536
"TCGA.EE.A2MJ"	0.271801476711555	4.18648225088765e-12	0.26931466862716	0.0871020770003926	0.128862370125866	0.00041336736169813	0.0569272673280633	0.027673246998878	0.0570656034878364
"TCGA.EE.A2MK"	0.0467129043195172	0.020691785662876	0.278087882385108	0.128821502857356	0.0696348780562888	0.0839530870138965	0.0434008023805318	0.0852828278492215	0.139729681048119
"TCGA.EE.A2ML"	0.0975599610425618	0.113534586767843	0.143487686963217	0.00808243314043032	0.0660335948427328	0.0627556444830958	0.067397877705768	0.177767865008111	0.10423134671975
"TCGA.EE.A2MM"	0.00446762941347299	8.43455677278038e-15	0.0252461964937224	0.0227053808700361	0.10209630589692	0.0833940035454238	0.138374216392901	0.157298498946239	0.166214465367204
"TCGA.EE.A2MN"	0.110620377820227	0.181790766757358	0.245614240693673	0.000141308815608199	0.0414449525129877	0.00111013722199848	0.000418306899844774	0.0811147994535637	0.0138288499430381
"TCGA.EE.A2MP"	7.6005149620438e-08	0.123048071232291	0.233634332016263	0.0815774803820023	0.113483316856276	9.35466481869764e-15	0.110386997969755	0.0209081605687982	0.13891569693415
"TCGA.EE.A2MQ"	0.0238827503247966	0.0411576078622181	0.00940063462936824	0.0131763531373455	0.141343800832518	0.180346889764941	0.10680296115666	0.204112294495881	9.74805390933424e-15
"TCGA.EE.A2MR"	0.356915090722592	5.44602047872591e-15	0.124490573026402	0.136463306384272	0.0780537411700654	0.143574432416865	0.00376582469224042	0.078715053002169	0.031755071223311
"TCGA.EE.A2MS"	0.0425691104913203	0.0341550171112145	0.0814507644649193	0.0360891140166561	0.0965442956132817	0.0517938856338459	0.00560527086956659	0.162505314717379	0.266779845738462
"TCGA.EE.A2MT"	0.00613864367160072	0.0113987081775108	0.00917576662811053	2.12216261206979e-13	7.95186897182932e-15	0.0807002481332711	0.12126400911811	0.100000919338002	0.0948280827481588
"TCGA.EE.A2MU"	0.0467046742080923	0.229400376847471	0.319665902029711	0.055357389493078	0.0145263095860211	0.116464393301667	0.0599787010548413	0.0490384759776159	0.0255997165942081
"TCGA.EE.A3AA"	0.296446673198708	8.57986859582852e-15	0.0837831135835623	0.0516691163441697	0.0688507009292602	0.0363944275227516	0.17724693919767	0.16288630365353	0.00321697641738294
"TCGA.EE.A3AB"	0.0949525322824378	0.0229583558828311	0.0264291973401475	0.324942697826824	0.0770561081265633	0.125600795649917	0.142394399764522	5.68721048481692e-15	0.0622127381147771
"TCGA.EE.A3AC"	0.0660670471754451	0.0395337800976695	0.165469364576227	0.181534479632344	0.00535194786639273	0.0218810072542389	0.0591170151035913	0.129798600195465	0.124182831257682
"TCGA.EE.A3AD"	0.0109268535214582	0.00257710532085517	6.26833251690263e-15	6.26833251690263e-15	0.0154359405446573	0.0372590208214613	0.0763275123368832	0.0971067344650088	0.171146050777775
"TCGA.EE.A3AE"	0.122290878978338	0.0545606864745944	0.165448674419801	0.0767525437585414	0.0501102694026676	0.0355710860426823	8.17010908741293e-15	0.113046344322856	0.123500259681921
"TCGA.EE.A3AF"	0.0139990835985038	0.292705130441	0.0830039633323017	0.124868262746797	0.00124830524060124	0.0337845734589358	0.090289814247849	0.143443968830272	8.96160245087416e-15
"TCGA.EE.A3AG"	6.48299679576773e-15	6.48299679576773e-15	6.48299679576773e-15	6.48299679576773e-15	0.0337190403788722	0.122993494569836	0.302475237750165	0.0820109166440089	0.116013914385703
"TCGA.EE.A3AH"	7.98346206369187e-15	0.000626116410790075	7.98346206369187e-15	0.00177709908207275	0.107042444471462	0.0976159628554589	0.0767883707101468	0.083975067306335	0.131174039082124
"TCGA.EE.A3J3"	0.0555820515505806	0.0265928021608411	0.0504061407086363	0.0504992418468777	0.171850197967346	0.199320991409457	0.0352991171834193	0.1529424755271	0.0672417594251125
"TCGA.EE.A3J4"	1.01182040096566e-14	0.0483828316109271	0.00851183950324647	1.01182040096566e-14	0.0497365386059519	0.0540429078215655	2.9723525978601e-13	0.091181196721181	0.00734193266838801
"TCGA.EE.A3J5"	0.0638760820117448	0.123839400608701	0.255433719867385	0.0431550604711632	0.0424540444754276	0.0712089706734339	0.0405459976435531	0.103627030415722	0.0284914031943953
"TCGA.EE.A3J7"	8.33918654890258e-15	0.00399900514399137	8.33918654890258e-15	8.33918654890258e-15	0.0124869073405448	0.061572296393189	0.058207272661797	0.198623081904656	0.108560816600177
"TCGA.EE.A3J8"	5.65142459973021e-15	0.0050971999764789	5.65142459973021e-15	5.65142459973021e-15	0.0336176400402499	0.0107382276751176	0.0697316306213814	0.101944979800782	0.0987714068616554
"TCGA.EE.A3JA"	0.123660608439065	0.0460452209663927	0.106909601924572	0.0421354808168875	0.0160290176973469	0.0343866939217662	0.0535394354356141	0.223909639278546	0.0216848529258675
"TCGA.EE.A3JB"	0.047579774489904	0.0355797475145972	0.0321946394068819	0.258622520180184	0.142117662645268	0.131437819682298	0.216340151792332	0.0883939266860733	0.0293522298508565
"TCGA.EE.A3JD"	0.33223201629346	0.0465884061175019	0.102911108626412	0.190947966760899	0.0783252202000436	0.023135462658911	0.0763130810661414	0.051381623671245	0.0147730403423535
"TCGA.EE.A3JE"	0.182449438567289	0.126047962603953	0.193981201857377	0.120161137521929	0.152925858077442	0.078644359416749	0.0341400690527396	0.0468021805041345	0.041049070032146
"TCGA.EE.A3JH"	0.237420702126394	0.127387368933766	0.222084184482606	0.205251100212978	0.0827046354814827	0.0205537840831821	2.78651270784529e-08	6.14206364384615e-15	6.14206364384615e-15
"TCGA.EE.A3JI"	0.0126715521591047	0.0209123931092178	0.0396896650534946	0.0477962186946078	0.131369311878408	8.79389883157641e-15	3.31220518387743e-13	0.226662454787311	0.0423488223188445
"TCGA.ER.A193"	0.0641406213940218	0.132062933941429	0.270027257082033	0.000157549739945238	0.149762551275413	0.137187303313004	0.04977492200681	0.0811809204898485	0.046192304320741
"TCGA.ER.A195"	0.188801308729827	8.80491950451809e-05	0.12781247633951	0.192859347764654	0.202585844652762	0.144176377755477	0.00215282842524781	0.0633067804897198	0.0782169866477344
"TCGA.ER.A197"	0.0618457195271602	0.0196162889911708	0.194529941164647	0.25704512270116	0.0433440672219518	0.0459317771332355	0.197056022065951	0.0171574355641057	0.0612043218865999
"TCGA.ER.A198"	0.065101728921216	0.140411333552575	0.10810304795116	0.215164451799565	0.0261933226021231	1.02086153825754e-14	0.0326850252767598	0.282299740770767	1.02086153825754e-14
"TCGA.ER.A199"	0.281070802376622	0.0280947648916938	0.167897786454385	0.159564784698841	0.0359702777990431	0.0220739307265032	0.0450996167253826	0.0187778496275183	0.0160983465848243
"TCGA.ER.A19A"	0.180487618596118	0.05112508601879	0.137802923762935	0.290734365416725	0.192462170279587	0.121907457970456	0.00813818958175896	0.016207474031901	0.00113471434171161
"TCGA.ER.A19B"	7.22543959533154e-15	0.0103462478848528	7.22543959533154e-15	7.22543959533154e-15	0.0674813244142408	0.110108303621893	0.21310922191626	0.110308259910449	0.118944251077015
"TCGA.ER.A19C"	0.0060857269616069	0.0603032314485719	0.0001687441644894	9.07381582307378e-15	0.0328775383028223	0.140580401910193	0.171352625397407	0.0590735834960495	0.126444485353895
"TCGA.ER.A19D"	0.122380467680618	5.78759445862888e-15	0.0793876806888588	0.172281952468437	0.159697183019158	0.189050467299438	0.0998113771059518	0.0454766370665578	0.131914234662541
"TCGA.ER.A19E"	0.00320571401798419	0.0549042012318868	1.01401854132145e-14	0.0782760333705904	0.0636368418773728	0.151397082047704	0.130765742153561	0.210237111054452	0.0256915709743354
"TCGA.ER.A19F"	1.21183813407181e-14	1.21183813407181e-14	0.0169170828925523	1.21183813407181e-14	0.0147927231873726	0.0710879219635363	0.0804104409593229	0.22844447363427	0.0581731979811749
"TCGA.ER.A19G"	0.0892582278406702	0.106099733173756	0.168938723062082	0.259599876065347	0.0180550608872001	0.0299606397480748	0.131470592318879	0.0576380017876439	0.0621406163989121
"TCGA.ER.A19H"	0.14838178313438	8.61275278760387e-15	0.1508049798158	0.0375147239922188	0.208992964774331	0.0620616576967746	0.0800565641686416	0.20044738401714	0.0411800780433512
"TCGA.ER.A19J"	1.09473708253951e-14	0.112882258210165	1.09473708253951e-14	0.138720006343537	0.178865950598286	0.230951664421267	0.020347123475435	0.146215145697632	1.09473708253951e-14
"TCGA.ER.A19L"	8.4439609401301e-15	0.006919779480443	0.00301609496894028	8.4439609401301e-15	0.147528407396509	0.111220159406414	8.4439609401301e-15	0.095857858652454	0.0550385637987571
"TCGA.ER.A19M"	0.034191813075104	0.0779879936663225	0.249189256187531	0.183193565757187	0.0232946892565768	0.0975295561180223	0.119748180797941	0.163424327441177	8.10905200173038e-15
"TCGA.ER.A19N"	0.151797283125659	0.273980136609844	0.159376844372702	0.23833097317986	0.00248202765331968	0.0806922378005631	0.000746785654952991	0.0454208435952105	0.00408992225205561
"TCGA.ER.A19P"	0.298556814363517	0.102874626796923	0.212859906418623	0.123260289285023	0.0589456261745204	0.0239355314608041	0.0638124575492739	5.21281330169857e-15	0.0790460592407831
"TCGA.ER.A19Q"	0.0869821506496764	0.135524599177133	0.227716838663128	0.236449544630528	0.064670874547833	0.0893361220181248	0.0253464989523278	0.0729597927107695	0.00143376593819554
"TCGA.ER.A19S"	0.162782317740421	0.11554549856563	0.329816786598937	0.103000604417332	0.0102022597089041	0.00699064988472655	0.0524470729020629	0.00180619448234737	0.0161673265671227
"TCGA.ER.A19T"	0.0215281666512299	0.145336882600797	0.0236831158511956	0.00244103170301595	0.0664915402943616	0.129945640524242	7.84187508903245e-15	0.119827118384002	0.0249927288381555
"TCGA.ER.A19W"	0.257359665101434	0.0241588781240253	0.387918922480019	0.138814864819271	0.0409998770491305	0.00794806865130524	0.0234222797423103	0.0753602752269276	0.0141705957983119
"TCGA.ER.A1A1"	0.475027768957077	2.26567473779817e-10	0.0439031634543411	0.13496060025527	0.129769253404275	0.00781707512421498	0.0770375733766662	0.0420740594603287	0.0321680161054868
"TCGA.ER.A2NC"	0.114328732177401	0.149080402999475	0.00471836321032264	0.168528239715919	0.161453521865683	0.201675159132661	0.0532897293689491	0.0866860858190407	0.048231572115488
"TCGA.ER.A2ND"	0.000697299934076589	0.0281979615683535	0.00324535193687695	0.00713525293648094	7.27893580797776e-15	0.0085126066693396	0.0236300721762758	1.42381182208079e-06	0.0698543731927847
"TCGA.ER.A2NE"	0.0150095722892903	0.0235349588652405	6.22618823813254e-15	0.00647148028990999	0.00852252200722989	0.0137362130857883	0.00722013725071109	0.166075648997294	0.0759434898376132
"TCGA.ER.A2NF"	0.0110679868832118	0.0063447550542469	0.027103731029204	8.32058663791862e-15	0.0107283354717536	8.32058663791862e-15	0.0835351451564181	0.0530613178305936	0.0171308612454774
"TCGA.ER.A2NG"	0.0661813343282192	0.109911711321302	0.278016082759687	0.137959022933755	5.90690822904938e-15	0.0581137168016546	0.165502494139867	0.0311826560463384	0.0574706364810429
"TCGA.ER.A2NH"	0.163828627226039	0.121544554649341	0.288272834802858	0.123885291801742	0.0896557280847173	0.0630840928775136	0.0283738274291857	0.0261159560655486	0.0786693054087463
"TCGA.ER.A3ES"	4.8121049564752e-15	4.8121049564752e-15	4.8121049564752e-15	4.8121049564752e-15	0.0268277395419227	4.8121049564752e-15	4.8121049564752e-15	0.0506327690071862	0.0060366501783284
"TCGA.ER.A3ET"	0.0919629791128884	0.085030419346579	0.0296795614589419	0.288517311429818	0.103164182113459	0.17167138472072	0.0555401645212047	0.119051949593891	0.0374852450707371
"TCGA.ER.A3EV"	7.39937378511842e-15	0.0338005738961937	7.39937378511842e-15	7.39937378511842e-15	0.0362050215133566	5.90876768023929e-10	0.194965256161124	0.0321861470719539	0.128262130228681
"TCGA.ER.A3PL"	8.86955490883628e-15	0.0548246812275971	8.86955490883628e-15	0.0205792972031664	0.00477726787046526	0.265576795703977	0.118711019530219	0.166816033643306	0.131583678663658
"TCGA.ER.A42K"	8.4209932853726e-15	2.49323733365938e-07	8.4209932853726e-15	0.00205861279673168	0.077783028187219	0.130409424426053	0.176487981776189	0.0843177563246766	0.110725053207975
"TCGA.ER.A42L"	0.155018744554168	0.195580661038321	0.112359115550342	0.170226960275735	0.152777465740204	0.0312127169874122	0.0634216773617206	0.0186791646963901	0.09602832506958
"TCGA.FR.A3YN"	0.00741429283944909	0.0272436601651004	0.0630386336418162	1.00300439250974e-14	0.0190448045284041	0.0735809599057272	0.0475109002675017	0.12173350276246	0.154984646657224
"TCGA.FR.A44A"	0.135388300060383	0.070929550823445	0.400115573254792	0.173332237223334	0.00945607629442676	0.0325013213443843	0.0679237931245825	0.00587963286333687	0.0229585826246487
"TCGA.FR.A69P"	9.19146388352698e-15	0.01383573187588	9.19146388352698e-15	0.00389616567514508	0.141940807346664	0.115712302030563	0.14927599249015	0.142423632458601	0.021333155732199
"TCGA.FR.A729"	0.207603196137838	0.0900420087155961	0.277155036438789	0.0422043990228451	0.0617454428883944	0.0206020372081295	0.0958878776604954	0.0315788634963379	0.0705382471087127
"TCGA.FR.A7U8"	7.20558133594346e-15	7.20558133594346e-15	7.20558133594346e-15	0.00556417811824923	0.00669902068092995	7.20558133594346e-15	0.107140745485973	0.0247874330315678	0.0276762618923509
"TCGA.FR.A7U9"	0.0832756171304159	3.17868000230023e-09	0.110258385581698	0.214833063674283	0.0667316785394414	0.170567437982887	0.158579099274621	0.0141846936797262	0.0514709043722469
"TCGA.FR.A7UA"	0.208353246807944	0.124597010552395	0.317617828026781	0.147987884806369	4.97920926691653e-15	0.0368483626234538	0.0145244086755013	4.97920926691653e-15	0.0415761909045175
"TCGA.FR.A8YC"	1.01532337662133e-14	1.01532337662133e-14	0.0164224389260692	0.037557637995497	0.0593202412272576	0.0108641878671651	0.00738294434459561	0.0252047393636088	0.113083995197755
"TCGA.FR.A8YD"	6.72313907377936e-15	0.0124981258956408	6.72313907377936e-15	6.72313907377936e-15	6.72313907377936e-15	6.72313907377936e-15	0.033534163909552	6.72313907377936e-15	0.0875224256848786
"TCGA.FR.A8YE"	0.360186109941659	0.0999703343413976	2.68412525352896e-11	0.162977766555293	0.121586275393366	0.0784207014962289	0.0373625678186531	0.00142914995715021	0.115181359831914
"TCGA.FS.A1YW"	0.00889809295042534	0.0235943844222735	1.03547944383984e-14	1.03547944383984e-14	0.0505955721139437	0.0208256459394246	1.64941129939536e-08	0.274650259905546	0.0777139396053808
"TCGA.FS.A1YX"	9.8758284292379e-15	0.172868294541853	9.8758284292379e-15	0.0985266161718373	0.176833979287886	0.14608629231549	0.072192112600969	0.196078626495267	0.0397006181558616
"TCGA.FS.A1YY"	9.52220921185498e-15	0.0209582964446921	9.52220921185498e-15	9.52220921185498e-15	0.0669380252728908	0.178092398347685	0.00931968645211146	0.173470550143428	0.0115207218411059
"TCGA.FS.A1Z0"	0.116936874393435	0.0515636945781938	0.292378282412653	0.0653450053355263	0.120505213419303	0.0240275702976338	0.0797050492163011	0.125394188157235	0.0337131111985371
"TCGA.FS.A1Z3"	0.0230867804543255	0.0130899451741958	9.52922474873303e-15	9.52922474873303e-15	0.0861940633975418	0.0424867243242745	0.0463878239270584	0.306848633293127	0.075877171719338
"TCGA.FS.A1Z4"	0.308097297471632	6.36200279938205e-15	0.104753903721059	0.145875541855518	0.101222817685964	0.0485605981793885	0.11786746219564	0.102213350861874	0.0144528494218596
"TCGA.FS.A1Z7"	3.3588733606109e-07	0.155717039601981	7.74671930935246e-15	0.203350817166916	0.245847235119589	0.212006156826266	0.0234158134641219	0.0738480924065937	0.0518439366324641
"TCGA.FS.A1ZA"	0.0219668696909501	9.7833730498796e-15	0.058559938423899	0.0856153724675104	0.0628107569913982	0.039672935702011	0.208429426853391	0.143066754356579	0.180100164682821
"TCGA.FS.A1ZB"	0.0431233441810199	0.20076575428119	7.18649665354591e-15	0.279058617190259	0.153735108011706	0.127615438573839	0.0744136927238709	0.0655671924820781	7.18649665354591e-15
"TCGA.FS.A1ZC"	7.34065655963995e-15	7.34065655963995e-15	7.34065655963995e-15	0.00446600113454115	0.061634522968714	0.0821705506830219	0.117581064530899	0.205573885543335	0.077776364031068
"TCGA.FS.A1ZD"	0.0553054251121647	0.0132252262927794	7.41511932272973e-15	0.0346809297310417	0.0976998641549075	0.350953769322792	7.41511932272973e-15	0.202574839224086	0.115731255847924
"TCGA.FS.A1ZE"	8.42093093056315e-15	0.0273876803911007	8.42093093056315e-15	8.42093093056315e-15	0.0325684172783806	0.0103930272397803	0.00135792807637263	0.178955970457839	0.0939709007181126
"TCGA.FS.A1ZF"	0.00255593036470761	7.9173017069172e-15	7.9173017069172e-15	7.9173017069172e-15	0.117140992740536	0.138454671354866	0.0602513619117217	0.121233948717831	0.0964563877543083
"TCGA.FS.A1ZG"	0.00559519506506803	0.0140552193227324	7.80179894760269e-15	7.80179894760269e-15	0.0218758070845133	0.020940080629013	2.65794078809014e-09	0.210960791078366	0.0318160890667942
"TCGA.FS.A1ZH"	0.14507820494829	5.99812068748038e-15	0.111395320188155	0.264835783795756	0.147606172139576	0.170789683516604	0.0232645011779641	0.00392672546037697	0.106086357627544
"TCGA.FS.A1ZJ"	0.014227992330647	0.0201837439482073	0.0141493414874727	8.90449519299873e-15	0.0601477956848625	0.00748990336278375	0.0993680101840187	0.129527661545966	0.155291413509742
"TCGA.FS.A1ZK"	0.00642681373930972	0.00451357872959446	6.40996457818631e-15	6.40996457818631e-15	0.00610727647450421	0.00830593645308016	0.176662893887497	0.145897623571772	0.179513732130836
"TCGA.FS.A1ZM"	0.0954800646715343	0.0988955139985469	0.144777797299297	0.190458027165546	0.0958099276455562	0.173703710639915	6.92020225305582e-15	0.0754463808007982	0.1212741303649
"TCGA.FS.A1ZP"	0.0858803732464769	0.159269498041084	0.0288052123558644	0.0295307879471017	0.245712937532009	0.0315362502302692	0.0149435766776678	0.112018370670134	8.5085150918461e-15
"TCGA.FS.A1ZQ"	0.00893909502183619	0.0511848800131096	9.3979044465019e-15	0.0116512315980801	0.0264589910969199	0.0427608565287806	0.120669064274878	0.103673724114635	0.162277806935568
"TCGA.FS.A1ZR"	0.0222641897557765	1.21842149468933e-14	0.025351665602844	1.21842149468933e-14	0.191026520585696	0.113988438741373	0.0340145215498638	0.229019109965499	0.0696696172237543
"TCGA.FS.A1ZS"	0.0104866937900621	7.49307448053149e-15	7.49307448053149e-15	0.15847637199797	0.0801918164096108	0.313141221731312	0.0752220358445978	0.170611796837844	0.036677074070861
"TCGA.FS.A1ZT"	0.176103394176668	1.59789357867352e-13	0.15426291960026	0.0537140091951949	0.0737907600493704	0.0343723168363369	0.253551986968421	0.101399318719258	0.0202564193707816
"TCGA.FS.A1ZU"	7.70877083756203e-15	0.00676812313398162	7.70877083756203e-15	7.70877083756203e-15	0.0840390971425111	7.70877083756203e-15	0.120163041034058	0.0683710513007299	0.0178256703805037
"TCGA.FS.A1ZW"	0.15229444068433	7.2531406462266e-15	0.150836666044975	0.141817875119547	0.00273967756322923	7.2531406462266e-15	0.179037278355743	0.102658180995604	0.0316585308548851
"TCGA.FS.A1ZY"	6.68347968588475e-15	0.00622417396646742	6.68347968588475e-15	6.68347968588475e-15	0.0325965859901514	0.00545797795959512	0.00333301294920884	0.0214745775537268	0.0059626322905917
"TCGA.FS.A1ZZ"	0.0017407005614899	7.15580962450075e-15	7.15580962450075e-15	7.15580962450075e-15	0.0191724553839008	0.0104654529878499	0.0273788349947726	0.150378433320998	0.0481461032399135
"TCGA.FS.A4F0"	0.000809070801851198	0.0230172741830371	6.09396968167639e-15	6.09396968167639e-15	0.037311899150079	0.0364726824933806	6.09396968167639e-15	0.257920998057108	0.124144856766349
"TCGA.FS.A4F2"	8.43421172435799e-15	0.0600869395040337	8.43421172435799e-15	0.132896710268042	0.0298867790222936	0.106107391532683	0.127997656140812	0.0501602380020701	0.0819762651504963
"TCGA.FS.A4F4"	8.5459978596454e-15	0.137935619791903	0.00114323105887051	0.000389400239811143	0.0564624943901589	0.113993557720418	0.0280225563873568	8.5459978596454e-15	0.00265573215242224
"TCGA.FS.A4F5"	9.19290368609999e-15	9.19290368609999e-15	0.00500734909356859	0.0114156471083963	0.0214018344449124	0.201730629663388	0.0128117863860871	0.0913380847414341	0.0976148844362941
"TCGA.FS.A4F8"	0.376015171752386	0.00159777569320715	0.0352450814759963	0.0321620024767457	0.250504355812859	0.0959275869711626	0.055769854949787	0.00550206275699007	0.0411156225605786
"TCGA.FS.A4F9"	7.08281306983877e-10	0.0236150572833003	6.54590936602588e-15	6.54590936602588e-15	0.0234827447670921	0.00762209705520317	0.150582533405773	0.0405408729741147	0.000311616914487785
"TCGA.FS.A4FB"	7.4163293623624e-15	7.4163293623624e-15	7.4163293623624e-15	7.4163293623624e-15	0.0485531859254792	0.0808122741555191	0.0166216511346117	0.098605360239584	0.175443677861853
"TCGA.FS.A4FC"	0.00247455016553873	0.0592156473016658	0.00807084736732983	0.00106253529039404	0.115365091529463	0.175872715921635	0.124781369113516	0.283036508704755	0.0448400413522308
"TCGA.FS.A4FD"	9.12605470355148e-15	0.0243415029206478	0.00206214702958364	9.12605470355148e-15	0.138687613726404	0.0516101139907214	0.102366024717093	0.0955821889096504	0.109939351303055
"TCGA.FW.A3I3"	7.63183258179568e-15	0.00162790401024232	0.00753614530181291	7.63183258179568e-15	0.0538611776119316	0.000143941557346503	0.121412017508667	0.0751971983497219	0.120050995728535
"TCGA.FW.A3R5"	0.0513899920513605	0.0578572168955049	0.00679030711132807	0.0452032428003307	0.0756720333562109	0.109574332554963	0.0845864301607109	0.269672845787923	0.0200647510759255
"TCGA.FW.A3TU"	5.64351507341957e-15	0.081161270532925	0.000141459798583656	5.64351507341957e-15	5.64351507341957e-15	5.64351507341957e-15	0.011604087419383	0.00343475890539405	0.0642850173098532
"TCGA.FW.A3TV"	0.0792063375717996	0.0180606029563243	0.0189044360060276	0.0318396924371553	0.00225611329374236	0.0754723342073752	0.0874579595136873	0.344934266605697	0.114081524958935
"TCGA.FW.A5DY"	0.409975694413188	7.14158970906001e-15	0.0189878764479943	0.0142212615480542	0.0672454938891484	0.0271751687059299	0.201388527121168	7.14158970906001e-15	0.0482704853889694
"TCGA.GF.A3OT"	7.20425632189769e-15	7.20425632189769e-15	0.0497203063627767	0.144919257914376	0.0547991148042552	0.305697599479055	0.151472510563792	0.11790161679838	0.040130743818608
"TCGA.GF.A4EO"	0.225658831401756	1.73175040944721e-07	0.31791894004976	0.180886116231069	0.02474662795436	0.0118652242968713	0.054946888916362	0.00341929365321415	0.02776166078687
"TCGA.GF.A6C8"	0.0228296950206261	1.06757309296653e-14	0.0662725676555229	0.0860350800533707	0.116180323406697	0.00472387768475874	0.198455612215087	0.116849747502332	0.00262971108608248
"TCGA.GF.A6C9"	0.192076497653927	0.0668122250541794	0.176641027614464	0.14598366751779	0.0064828996717242	0.117055038188731	0.118335282345665	6.02821835064336e-15	0.0723673059496988
"TCGA.GN.A262"	0.0136682907027204	0.0188346863012322	4.39077974619782e-15	4.39077974619782e-15	0.0265236007293521	4.39077974619782e-15	0.0214201654030589	4.39077974619782e-15	0.0686494349892567
"TCGA.GN.A264"	0.00212306002690743	0.039658506591839	8.98672384415874e-15	0.0730907133173954	0.0813454378791735	0.187289450057565	8.98672384415874e-15	0.254033860476299	0.0811746469150875
"TCGA.GN.A265"	0.13394396333388	4.06657034670628e-10	0.205884802725415	0.244084220406317	0.133021642634266	0.130922910445674	0.083021875546574	0.000722151368568165	0.00415866010321319
"TCGA.GN.A266"	0.136418879673902	0.000122067239426103	0.197595660630126	0.237176642053936	0.09943584702888	0.178692977869141	0.0280967984028258	0.0757418545181758	0.0346298111288012
"TCGA.GN.A267"	0.0065943582378424	8.82500385983782e-15	0.00603168504224044	8.82500385983782e-15	0.0208615402687187	0.0145837956302242	1.19216899858032e-14	0.0257700492635513	0.0319869311349351
"TCGA.GN.A268"	0.00177658631681711	0.00136088134170141	8.50821878487133e-15	8.50821878487133e-15	0.0432512292311172	0.0111521144763966	0.0389037538551363	0.306109517608887	0.0152437201154174
"TCGA.GN.A26A"	0.015736524276616	5.56372248356119e-15	0.110789040567473	0.256171871651221	0.0657605975691257	0.117523132021401	0.308808897050641	0.00832037406758071	0.0758755396104117
"TCGA.GN.A26D"	0.0067369727152025	0.0363087715664507	7.75677444935796e-15	7.75677444935796e-15	0.0477794150851996	0.0180693850949598	0.065220133718351	0.331595508098938	0.0937950249452133
"TCGA.GN.A4U3"	0.00883238938482865	8.7087044370641e-07	1.91772681249134e-05	0.0359696124878948	0.0351797494951538	0.0464763666504146	0.0243780227729413	0.0914961579694584	0.0693903731416736
"TCGA.GN.A4U4"	0.0094704884458016	0.0195457081559598	7.65687729044717e-15	7.65687729044717e-15	0.0189650167866673	7.65687729044717e-15	0.0294560692424583	0.0513381267806019	0.0111690731486162
"TCGA.GN.A4U7"	0.00720120852558627	5.60703095504898e-15	5.60703095504898e-15	5.60703095504898e-15	5.60703095504898e-15	5.60703095504898e-15	0.00593321744734354	5.60703095504898e-15	0.106566795910826
"TCGA.GN.A4U8"	0.142011629737327	0.0929314075463839	0.281560924581854	0.0663376745886088	0.0221378927953553	0.00118141851249975	0.0270941820973775	0.042775797372707	0.0281343762327243
"TCGA.GN.A4U9"	0.00669802477313631	6.61747656567659e-15	6.61747656567659e-15	0.00834636183678982	0.0507280130530444	0.0812523204174602	0.338814109354781	0.0485488211024302	0.127650233151719
"TCGA.GN.A8LK"	0.00367513284874012	4.98507410232794e-15	4.98507410232794e-15	4.98507410232794e-15	0.00230731831799358	4.98507410232794e-15	4.98507410232794e-15	0.00536001187763855	0.0417762815371527
"TCGA.GN.A8LL"	5.06133690951702e-15	5.06133690951702e-15	5.06133690951702e-15	5.06133690951702e-15	5.06133690951702e-15	0.0224731155218242	2.59633140596245e-11	0.00745188063415608	0.115843130397727
"TCGA.GN.A9SD"	0.364102731068749	0.00135086908898024	0.0183622857691618	0.0280618151804745	0.164711324956156	0.0196041452362927	0.174839363175683	2.16675183956995e-13	0.0246717271309951
"TCGA.HR.A2OG"	0.0636346738862145	6.67977366986236e-15	0.0712638186396168	0.276142118529712	0.0586983607301185	0.2718219189563	0.127791915111399	0.0243640844501846	0.0755273050640846
"TCGA.HR.A2OH"	0.202775073194573	0.0545925546394146	0.366224089238778	0.193868374869292	5.65094849015573e-15	0.0142536157165748	0.000108010795667845	0.012367469549498	0.0505800316596736
"TCGA.LH.A9QB"	7.2352569326664e-15	0.00618411461763916	7.2352569326664e-15	7.2352569326664e-15	0.0896311753814881	0.0625690504633211	0.06750867067446	0.0289161153800318	0.0689364894489231
"TCGA.OD.A75X"	0.00649070967329871	0.0574007079636553	9.67270845654101e-15	0.0180703190187957	0.0921144899282727	0.0282132671315668	0.230609901082293	0.221929835497874	0.0826624388759337
"TCGA.QB.A6FS"	0.0333454518689445	0.166497339138734	0.0626881507164163	5.16361966191725e-07	6.94041619184086e-15	0.0220648861039166	6.94041619184086e-15	6.94041619184086e-15	0.0105354492737244
"TCGA.QB.AA9O"	7.64776178721374e-15	0.0849985957038612	0.0933202916947383	0.00218209010696363	7.64776178721374e-15	0.00200418854977029	0.200113427851299	7.64776178721374e-15	0.0749426569084557
"TCGA.RP.A690"	7.29857880833816e-15	0.00128174924919995	0.0212000093882302	0.0364700963474356	0.0351303980003572	7.29857880833816e-15	0.0278794130844686	0.0319367691688286	0.0914708045051746
"TCGA.RP.A693"	0.0987415696076257	0.111479924342176	0.180060349663981	0.0737294653163228	0.156560364370458	0.0982653481428754	0.00432586879383016	0.0711821584907929	0.148419866175844
"TCGA.RP.A694"	9.90190843853898e-15	0.225912364390836	0.0661703863645217	6.81604402000673e-12	0.128505722249503	9.90190843853898e-15	0.0745569188403305	0.178648408036344	0.0609259036640376
"TCGA.W3.A824"	0.00664021843458016	0.0415790422629302	0.153908034954547	0.0656864329564377	0.00588685841640362	0.0207885778449945	0.0285461832290975	0.0655428904423961	0.0347977041842827
"TCGA.W3.A825"	0.0683071827382535	0.0074062747943724	0.105383679451277	0.168790788831204	0.0861456919022092	0.132864407308278	0.122328827219437	0.0213271175680305	0.237403156564075
"TCGA.W3.A828"	4.76410307781848e-15	0.100092349338358	4.76410307781848e-15	0.0472002271314204	0.247581040462814	0.198481016341637	0.184975713803482	0.00361153071573895	0.203055374777894
"TCGA.W3.AA1O"	9.49025766613013e-15	9.49025766613013e-15	0.00806360319751994	0.0241312989509163	0.0282428405066289	0.0794707251413101	0.0408432395405553	0.247190933697026	0.0761538598587088
"TCGA.W3.AA1Q"	0.0203556757154965	8.86167291613912e-15	8.86167291613912e-15	8.86167291613912e-15	0.0337953540445385	0.00263572107244824	0.074488271864085	0.0104493853878567	0.0500285801436754
"TCGA.W3.AA1R"	8.82834663558806e-15	8.82834663558806e-15	0.0064851317473199	8.82834663558806e-15	8.82834663558806e-15	0.0188699239004811	0.170087811738206	0.0795788128837231	0.0698119527886749
"TCGA.W3.AA1V"	0.0330391096127964	0.0287823771558797	0.0333777142459502	0.134101339412664	0.0654935223621175	0.173779058910865	0.236389930528268	0.165771585015268	0.0761722833543037
"TCGA.W3.AA1W"	0.196246433188837	0.0471017327144027	0.344976078693963	0.172366463750093	6.00822389940562e-15	6.00822389940562e-15	0.0358110263220927	0.0240493119780181	0.0641507155936327
"TCGA.W3.AA21"	0.00383417487916058	5.58289684533021e-15	5.58289684533021e-15	5.58289684533021e-15	0.00404611979087066	0.00512825836508954	0.0396449424583596	0.00741288277462797	0.00145713605135134
"TCGA.WE.A8JZ"	9.69595914287245e-15	9.69595914287245e-15	0.00200066294696629	9.69595914287245e-15	0.0185869094743485	0.0402547087788692	9.69595914287245e-15	0.108338487915672	0.243286262116392
"TCGA.WE.A8K1"	0.159990699269561	0.0970176942750021	0.166057513757659	1.04751067601657e-14	0.00614501353611557	0.0295437732141461	0.114758417205501	0.043127211655401	0.106219705131396
"TCGA.WE.A8K5"	0.00927879598520425	8.96053914468211e-09	0.0328002568790109	1.18245309042975e-14	0.0261727148838277	0.184176419632782	0.023907991142354	0.0645219112732226	0.0378887924563905
"TCGA.WE.A8K6"	8.85211741847037e-15	8.85211741847037e-15	8.85211741847037e-15	8.85211741847037e-15	0.0282625849531754	0.111601230045366	0.0195891117402641	0.00119526105436	0.157790521494836
"TCGA.WE.A8ZM"	6.05853520763321e-15	0.0096623109589399	6.05853520763321e-15	6.05853520763321e-15	0.0946865084217266	0.0609476928013103	0.115944584885352	0.0371270186546657	0.284945321812572
"TCGA.WE.A8ZN"	7.13042164245016e-11	0.127170679129707	0.0161110194424962	6.77929471888482e-15	0.0413980279060015	0.0203270902727958	6.77929471888482e-15	7.44514349571043e-05	0.0102692324749253
"TCGA.WE.A8ZO"	0.0247026798402832	0.0312916275048453	0.249986658184546	0.120417960110634	0.0399419428407556	8.27779572539215e-15	0.076494233645251	0.0674901274158242	0.225498428334508
"TCGA.WE.A8ZQ"	6.83465038155403e-15	6.83465038155403e-15	6.83465038155403e-15	6.83465038155403e-15	0.090868561530917	0.114529221685166	0.076170082225484	0.063330190011388	0.17890345529577
"TCGA.WE.A8ZR"	0.0237590154544129	0.027502815536384	9.5814478106316e-15	9.5814478106316e-15	9.5814478106316e-15	0.070287790519093	0.0675858061654234	0.33079981701418	0.114330179138749
"TCGA.WE.A8ZT"	7.63075056742527e-15	0.0153107288469605	7.63075056742527e-15	7.63075056742527e-15	0.0662394805427581	0.0215419591288869	7.63075056742527e-15	0.0839445992847649	0.0890889539419718
"TCGA.WE.A8ZX"	0.0611776504610921	0.00792094548282419	0.176395459765115	0.0290601599604324	0.00953081145683858	0.00727815643822591	0.170717666111997	0.0561963356254753	0.0996790732623154
"TCGA.WE.A8ZY"	0.00326320980902665	0.0578449438433959	0.0113660317748642	0.0228869185910944	0.0173173524397128	0.0863359488404411	0.146295238673242	0.193048771741508	0.0803652499109809
"TCGA.WE.AA9Y"	0.0667828366548565	0.0807303496348078	9.08251378765224e-15	0.0316963783303836	0.179280900786408	0.303909786498359	0.0542370481015748	0.00424550831003588	0.0764464661905041
"TCGA.WE.AAA0"	0.083564268655347	1.02761023257428e-14	1.02761023257428e-14	0.00600406061263785	0.00418258155926464	0.0394223227888768	0.188763564050878	0.0770045522610612	0.13548206923086
"TCGA.WE.AAA3"	9.33708081554741e-15	0.222197175724044	0.150009318399684	0.0357605828680505	0.184013678585113	0.0606412972691981	1.28221999026499e-11	0.0409108798150933	0.0068606066086795
"TCGA.WE.AAA4"	0.021383716376207	0.219294576995131	0.212116657723398	0.176597901418416	0.0152096445060637	0.0368637389309731	5.62574305401327e-15	5.62574305401327e-15	5.62574305401327e-15
"TCGA.XV.AB01"	0.00935004943689994	0.0419494462800118	5.97727883387356e-15	5.97727883387356e-15	5.97727883387356e-15	0.0504799046899579	5.97727883387356e-15	0.00317473760906348	3.61602899785211e-11
"TCGA.YD.A89C"	7.00842064236721e-15	7.00842064236721e-15	7.00842064236721e-15	7.00842064236721e-15	0.0161056699866546	0.00949140830476048	0.0782989111208723	0.015750826984837	0.0248757292048392
"TCGA.YD.A9TA"	0.0105967841842763	6.08396265002192e-15	0.124339444322432	0.197724974462907	0.0793976867480327	0.10482757904609	0.180094052488235	0.0794581148559801	0.196495817307218
"TCGA.YG.AA3O"	1.10201234427682e-09	0.103041890845592	0.0057437120481564	0.00198402501616789	0.00693629305041929	0.0770268206344589	0.099290273597602	0.170967293378181	0.072026517415908
"TCGA.YG.AA3P"	6.33731650694388e-15	6.33731650694388e-15	6.33731650694388e-15	6.33731650694388e-15	0.0212895454263535	6.33731650694388e-15	0.022102199221953	0.126660261322298	6.33731650694388e-15
"TCGA.Z2.A8RT"	0.212291172896216	0.0596041942238385	0.0947531324616777	0.021807186247247	0.0129565898522659	0.0258985078955838	0.0607901554027864	0.0554993265142597	0.301826117346485
"TCGA.Z2.AA3S"	0.0234449293043943	0.0811131138349162	9.00533689433502e-15	9.00533689433502e-15	0.104636187249031	9.00533689433502e-15	0.0213983093645644	0.236501461807893	0.0193510511107441
"TCGA.Z2.AA3V"	0.0116855983237779	0.162546427985905	0.150127355157228	0.0638508373636319	0.0144199157308382	0.0180994811463191	4.99722953315307e-15	4.99722953315307e-15	0.045009623457237
