"ID"	"S01"	"S02"	"S03"	"S04"	"S05"
"TCGA.3N.A9WB"	1.04761831648801e-14	0.015467764806706	0.0177124609491699	0.0933741564284584	1.04761831648801e-14
"TCGA.3N.A9WC"	0.14945692532974	0.0174965068165195	0.118199489166309	0.113600379676877	0.376054694781443
"TCGA.3N.A9WD"	0.347686026200484	0.120935712861011	1.49906692380549e-14	0.0149470626104172	0.162980823817698
"TCGA.BF.AAP0"	0.432044029759372	0.0943433335941456	0.0247786734024289	0.0104799053864106	0.206381756951165
"TCGA.D3.A1Q1"	0.000701713604188107	0.0658577285948272	0.00805404981431193	0.0972866069017439	1.05763493302158e-14
"TCGA.D3.A1Q3"	0.451549975095619	0.0579892892190273	0.0611757187443423	0.194481923272977	0.217181032178535
"TCGA.D3.A1Q4"	0.0529734821505592	0.0389441304522736	0.377171228928927	0.156551835899205	0.00219420549984165
"TCGA.D3.A1Q5"	0.000131195835675762	0.346328012343717	0.198946522685472	0.169440078557985	6.86004901678526e-15
"TCGA.D3.A1Q6"	1.01003552744474e-14	0.165736755545143	0.0780166593254278	0.0722600374596215	5.59099630060999e-13
"TCGA.D3.A1Q7"	0.178324149368193	0.0203127946520326	0.16957311326494	0.0774336535274215	0.486473559760273
"TCGA.D3.A1Q8"	0.115213782577403	0.109563999943084	0.357773800240246	0.0588115912544475	0.0691449180141711
"TCGA.D3.A1Q9"	0.0369835810740749	0.125046918611214	0.10657216645089	0.109872049776285	0.0634574617823122
"TCGA.D3.A1QA"	0.0196865230106597	0.0532802603312096	0.151597616845343	0.160697312731916	1.55744645115589e-14
"TCGA.D3.A1QB"	0.280778331570465	0.11905396405847	0.0103449604673379	0.0244108547492065	0.431691879336298
"TCGA.D3.A2J6"	0.0422399148781019	0.00282933092390518	0.0796331376198482	0.00722455756813929	0.0302117405375991
"TCGA.D3.A2J7"	0.139803203743278	0.092607054145441	0.0338458006720857	0.171047053616479	0.263795395511237
"TCGA.D3.A2J8"	0.276631379059625	0.00125681891146301	0.0944696022810809	0.0640609644510036	0.404200027495901
"TCGA.D3.A2J9"	0.473311686052944	0.0916041758154393	0.0283760348168617	0.0383532455845248	0.338318952575066
"TCGA.D3.A2JA"	1.09959957805511e-14	0.155746942588669	0.142677830483556	0.174504435304981	0.18628495981662
"TCGA.D3.A2JB"	0.567278360164396	0.116882031720489	0.0678463194426832	0.0146831678009953	0.202018642939652
"TCGA.D3.A2JC"	0.01706462077066	0.0537715127274523	2.01526996118415e-14	0.142368303566984	0.242799386323048
"TCGA.D3.A2JD"	0.476899855048087	0.0291407928976264	0.160047476380777	0.00610806626613699	0.177008315543519
"TCGA.D3.A2JE"	0.00776284465499218	0.0980524042831785	6.56244632457329e-12	0.15390243311045	0.0145247521069592
"TCGA.D3.A2JF"	0.318490715708921	0.172955005604061	0.046369937169172	0.00426937758226711	0.255364925369136
"TCGA.D3.A2JG"	0.00673574712381627	0.017748835097759	0.0132299996298219	0.0119229332574693	1.28148478146766e-14
"TCGA.D3.A2JH"	0.170973457377101	0.216825818061886	0.0940145127583139	0.100518011141473	0.312622402040545
"TCGA.D3.A2JK"	1.01386761710334e-14	0.0513419913885131	0.08239671160782	1.01386761710334e-14	1.01386761710334e-14
"TCGA.D3.A2JL"	0.122890151634885	0.0189701155707435	0.0890478146690732	1.5926728002911e-14	0.28915260170943
"TCGA.D3.A2JN"	0.312431266813706	0.125783884894797	0.104915716122769	1.50299523539856e-14	0.156011097677826
"TCGA.D3.A2JO"	0.11566659457657	0.0686624075322507	0.0785511315934193	0.0142879056517348	0.541196378640523
"TCGA.D3.A2JP"	0.0426844251387533	0.168624589275661	0.151435111026851	1.68578319295369e-14	0.129507124493186
"TCGA.D3.A3BZ"	0.306755654869789	0.108475173718747	0.380301704223225	0.00054919732129317	0.152178249277802
"TCGA.D3.A3C6"	0.0107583286562136	0.0588422642049101	0.0251751410878229	0.0841248205694213	1.30301682877773e-14
"TCGA.D3.A3C7"	0.00638378986099573	0.214654165015129	0.0248676119629518	1.2836041550657e-14	0.270573859509919
"TCGA.D3.A3C8"	0.232812899107462	9.40663636282024e-15	0.0082719376540882	0.0475726451785631	0.526181846219264
"TCGA.D3.A3CB"	0.461660769575068	0.117676601379147	8.40568646500334e-15	0.00676844126040493	0.387638217224606
"TCGA.D3.A3CC"	0.0104240538338379	0.124991557603272	0.184824320979322	0.0977047059430143	1.40408559907344e-14
"TCGA.D3.A3CE"	0.0818035490667067	0.12593253743907	0.254589490971386	0.0970949695162074	0.269688612089269
"TCGA.D3.A3CF"	0.517087018170607	0.0659697807488522	0.15858200738391	0.0226064369080576	0.194253359085409
"TCGA.D3.A3ML"	1.01760673085529e-14	0.0166824514416231	1.01760673085529e-14	0.0727620982801933	1.01760673085529e-14
"TCGA.D3.A3MO"	8.11011958788598e-15	0.303794742972169	0.0962910647570267	0.0804957535453132	8.11011958788598e-15
"TCGA.D3.A3MR"	0.294796995708014	0.209749930455092	0.0799870648796366	0.0201076378333871	0.231663717111941
"TCGA.D3.A3MU"	0.0329607011499581	0.199099700954431	0.0341434889238068	0.0328747762380148	0.0618807482721193
"TCGA.D3.A3MV"	0.0328696196788751	0.130394703746034	0.0322959178416872	0.0620729277942562	1.21730270445626e-14
"TCGA.D3.A51E"	0.0713989045367416	0.0525617289436761	0.0827238285732795	0.0499385697427706	0.187634252784749
"TCGA.D3.A51F"	0.234325401929981	0.0763302233517014	0.0808453615697072	0.0806681560986394	0.378929697961555
"TCGA.D3.A51H"	0.446709343322215	0.161806251213331	0.0502683912826217	0.0835803135108283	0.0975221783119166
"TCGA.D3.A51J"	0.207796178201357	0.0986546495944517	0.0480357889098034	0.0942319859198432	0.433963887393545
"TCGA.D3.A51K"	0.0480637172395846	0.163975749905918	1.10081809173456e-14	8.342739958243e-08	7.78992762675153e-07
"TCGA.D3.A51N"	0.167126618640244	0.0318961091701124	0.108466526457248	0.0869659873063418	0.0801113529126963
"TCGA.D3.A51R"	0.000855413684890296	0.192428859804398	0.0237614585156956	0.236232517081267	5.32506256820991e-15
"TCGA.D3.A51T"	0.338406010385686	0.0595002196994211	1.81008791335869e-14	0.186686022741416	0.0875208305093426
"TCGA.D3.A5GL"	0.00880955130572671	0.051702729544226	0.0283386244868083	0.0496981131908707	1.13678405763871e-14
"TCGA.D3.A5GN"	0.00756318891794872	0.144243356101718	0.0352790554828869	0.122728007490224	0.10091238315704
"TCGA.D3.A5GO"	0.0422318957376335	0.0179887046037709	0.100288018044925	1.72032665350137e-14	1.48444403315657e-11
"TCGA.D3.A5GR"	0.468423421556393	0.05837065807549	0.0752038901197305	0.116504238155635	0.15327790772298
"TCGA.D3.A5GS"	0.0199561762432008	0.0963462455052461	0.174328720648308	0.0247052243980533	0.0774074448705979
"TCGA.D3.A5GU"	0.00931970151995	0.0692342644424945	0.148403486757381	0.175888839930806	0.11352950393516
"TCGA.D3.A8GB"	0.389570848090155	0.118566948255755	0.125023754393417	1.15988592189394e-14	0.266639024296671
"TCGA.D3.A8GC"	0.011279121172788	0.0730463506145198	0.0654471868679034	0.208779290541261	1.5712376529221e-14
"TCGA.D3.A8GD"	0.412564869801243	0.0576381117366348	0.0264033902370055	0.0616134810190789	0.194184490411379
"TCGA.D3.A8GE"	0.00221105980532829	0.143822458132633	0.25331873284573	0.123615546961238	0.230876698687198
"TCGA.D3.A8GI"	1.10446937719631e-14	0.0287398525398979	0.0443827472246328	0.00412367241283942	1.10446937719631e-14
"TCGA.D3.A8GJ"	0.0854803635355125	0.185715774756757	0.0487447122650959	3.75502967456235e-11	0.411160268317436
"TCGA.D3.A8GK"	0.00501427599589959	0.0525092001097151	0.0305864040395648	0.00632783703019924	1.01358500055421e-14
"TCGA.D3.A8GL"	0.00276330724571736	0.0188435912463884	0.0308410922985848	0.14081163473302	1.12015503462914e-14
"TCGA.D3.A8GM"	0.189445343564539	0.030873970373854	0.220854329042297	0.225683158108238	0.201905402450701
"TCGA.D3.A8GN"	0.0593528388130606	0.290239355760275	0.0690558068411463	1.11694903082379e-14	0.185818630624362
"TCGA.D3.A8GP"	0.0119014242767219	0.0154472653836503	0.0279874289570074	0.153069217069937	1.14309152647845e-14
"TCGA.D3.A8GQ"	0.0136980711649347	0.290704239460937	0.0890857109100676	9.19479309950394e-15	9.19479309950394e-15
"TCGA.D3.A8GR"	0.000104310650578148	0.0224419833526517	0.118132060486777	0.0206127747508093	9.65926799159781e-15
"TCGA.D3.A8GS"	0.138587003685123	0.168412500120625	0.133192151819341	0.054895379700742	0.231313333519647
"TCGA.D3.A8GV"	0.0155011920102318	0.0129545378168017	0.0759606576801835	0.0230802723882189	1.20802947233998e-14
"TCGA.D9.A148"	0.0114265287713511	0.097877875297508	0.105854718321539	0.00642827354967827	0.00418944747132245
"TCGA.D9.A149"	0.108637411106961	1.92059422630536e-14	0.00132815610072349	0.154945573570119	0.503113535591339
"TCGA.D9.A1JW"	0.27528755237137	0.0719730388045781	0.0156779107609086	0.0637956889934676	0.390292201443969
"TCGA.D9.A1JX"	0.0439248477442139	0.12779595508044	0.184479698485617	0.120656558836258	0.243394306656002
"TCGA.D9.A1X3"	1.0558602008368e-14	0.10875992989892	0.00447396716493655	0.20220250369736	1.0558602008368e-14
"TCGA.D9.A3Z1"	0.144243768097555	0.0608746310438586	0.0513257778210412	0.101864755867568	0.370461744248087
"TCGA.D9.A3Z3"	0.523412836827273	0.0805745398146209	0.0382880364831004	0.0186592211462034	0.269396021685624
"TCGA.D9.A4Z6"	0.0100838534770235	0.0953019521983686	0.116583269901344	0.148964690853475	9.75889836460384e-15
"TCGA.D9.A6EA"	1.28648034528805e-14	0.0450052919092898	0.0572465546489128	0.110111163844768	0.0290718903715349
"TCGA.D9.A6EC"	0.000335307672497848	0.0919042925449606	0.00842772307380456	0.0973727283258202	1.07262998727268e-14
"TCGA.D9.A6EG"	0.00429215702161694	0.0131324545466807	0.124251947290342	0.206408149126123	1.14362042272778e-14
"TCGA.DA.A1HV"	0.224070819690482	0.0440956328312806	0.149619951493844	0.0813575578583399	0.378382322007718
"TCGA.DA.A1HW"	0.32373982327936	0.0785697340676458	0.0403769653326429	0.0562319322074394	0.409555576416134
"TCGA.DA.A1HY"	1.01175516817391e-14	0.053352572817169	0.0214049198357847	0.169865713669817	1.01175516817391e-14
"TCGA.DA.A1I0"	0.149941932133703	0.0576250872853084	0.109340436460206	1.16900625057424e-14	0.118265681771238
"TCGA.DA.A1I1"	0.104639234187697	0.0439910436021396	0.159399175267228	0.101519240423697	0.392440003835937
"TCGA.DA.A1I4"	0.0165103626912931	0.0108401821916825	0.164958161275436	0.0287818465343539	0.0576651449755095
"TCGA.DA.A1I5"	0.123708757943505	0.0360974926244906	0.108212401868675	0.0327267123732657	0.399640422577517
"TCGA.DA.A1I7"	0.00822080491904503	0.172744718016819	1.40928422723476e-14	0.124813722987267	1.40928422723476e-14
"TCGA.DA.A1I8"	0.0139598079341877	0.107975606796645	0.165547515928786	0.156830443814996	9.85242783424988e-15
"TCGA.DA.A1IA"	0.0104601162412543	0.0117686261070658	0.045323147744032	0.0118263067315106	1.03768325069327e-14
"TCGA.DA.A1IB"	0.492616015253528	0.15600570432849	0.0228016534403892	0.0657028984607155	0.183285644663017
"TCGA.DA.A1IC"	0.0450463301689002	1.48603141470659e-14	0.222916194151184	0.0818908539044477	0.0145752701253952
"TCGA.DA.A3F2"	0.176991312441722	0.022597751948289	0.0454995499534334	9.93052294201109e-15	0.535535648908527
"TCGA.DA.A3F3"	1.38470810512165e-14	0.0955019396627415	0.0703871233665143	0.155060601220123	1.38470810512165e-14
"TCGA.DA.A3F5"	0.00419626083757799	0.187770931343706	2.92297448050398e-06	0.0262201923781723	0.00293230629565149
"TCGA.DA.A3F8"	0.320255540108304	0.053973112890807	0.0035223011603638	0.047282813921009	0.426634481694512
"TCGA.DA.A95V"	0.0769358247991832	0.118575422338773	0.176229505907475	1.31415887822907e-14	0.165923882255148
"TCGA.DA.A95W"	0.0063800368283711	0.084756855483275	1.5615953330273e-14	0.0758506263054037	1.5615953330273e-14
"TCGA.DA.A95X"	0.0117685991337006	0.112661142344055	0.0392842987408798	0.203491925630924	1.6815558603111e-06
"TCGA.DA.A95Y"	0.0102493813987536	0.0459315413771211	0.0578976006458627	0.0520909164072237	1.24965123978277e-14
"TCGA.DA.A95Z"	1.32791832805067e-14	0.0300968968073494	1.32791832805067e-14	0.1081140251512	1.32791832805067e-14
"TCGA.EB.A44Q"	0.223879878819785	0.00308704277923614	0.107386610344913	0.213705492166274	0.301533377772257
"TCGA.EB.A44R"	0.0381780409340266	0.209849454695263	0.0929127437298925	0.152867866184954	0.15114058680142
"TCGA.EB.A5KH"	0.0295587486326251	1.17575018280189e-14	1.17575018280189e-14	0.0160140506741418	1.17575018280189e-14
"TCGA.EB.A5SG"	0.199501754114032	0.0323901203856813	1.09330519034386e-14	1.09330519034386e-14	0.473093949000858
"TCGA.EB.A5SH"	0.169124030611544	0.0255829741985969	0.0691034409922604	0.0798516214343408	0.0985053952744195
"TCGA.EB.A5UL"	0.405154053121454	0.0424289363859528	0.0223339790275505	0.159023352485889	0.190498216307153
"TCGA.EB.A5UN"	0.00897110270064269	1.30795538004631e-14	0.0862248886778071	0.11986118393676	1.30795538004631e-14
"TCGA.EB.A5VV"	0.414981207500128	0.114709301922687	0.11629706231958	0.103028360502295	0.109072325363465
"TCGA.EB.A6L9"	0.496534197501545	0.0443241052766544	0.0926138205348857	2.85627284250342e-10	0.245720360333004
"TCGA.EE.A17X"	1.22249998263262e-14	0.0586896765565269	0.067772377228371	0.106798971219385	1.22249998263262e-14
"TCGA.EE.A17Y"	0.00500358217786919	0.0475149012906375	0.000760481958795652	0.109635268600165	9.95113014315106e-15
"TCGA.EE.A17Z"	0.00982625529352724	0.089553518463109	2.7367121027306e-06	0.138788512511899	1.12618715740047e-14
"TCGA.EE.A180"	0.0193046087753854	1.44608468058576e-14	0.0224468583546702	0.0950904992979154	0.00602628818907523
"TCGA.EE.A181"	0.347616262047768	0.018648982913069	0.0154082706673966	0.142573289258249	0.407002537934481
"TCGA.EE.A182"	1.15558630116432e-14	1.15558630116432e-14	0.0828784621443545	1.15558630116432e-14	1.15558630116432e-14
"TCGA.EE.A183"	0.456122673889149	0.064802332033238	0.159511150931182	9.14055080936767e-11	0.213109413559588
"TCGA.EE.A184"	0.0247665616254658	0.0610194498640291	0.0755183417615061	0.0184631850830912	0.110371086186344
"TCGA.EE.A185"	0.00523519042179355	0.0221048521446441	0.0217518610664574	0.0283503735530634	9.73209638093875e-15
"TCGA.EE.A20B"	0.0264235400936527	0.297817264391516	0.153950219784044	0.0781919602014064	0.0793869632339923
"TCGA.EE.A20C"	9.55720184133803e-15	0.0688577485270373	0.0563239914730262	0.0491243197096448	9.55720184133803e-15
"TCGA.EE.A20F"	0.0670808007596614	0.185069184995143	0.0943645851370544	4.68643824217713e-12	0.137442346432598
"TCGA.EE.A20H"	0.00401740968176943	0.187172696647975	0.0081904497940205	0.169573672771485	8.2707512635676e-15
"TCGA.EE.A20I"	0.020346730588551	1.11959709790163e-14	0.0669323207813216	0.0863808326994323	1.11959709790163e-14
"TCGA.EE.A29A"	1.10431689154037e-14	0.125656839937133	1.10431689154037e-14	0.121186495872297	0.000354148010165427
"TCGA.EE.A29B"	1.44199372539218e-14	1.44199372539218e-14	0.0472731687169686	2.33296511910291e-12	1.44199372539218e-14
"TCGA.EE.A29C"	0.0117654227117522	0.000420894142513476	0.276210589633615	0.0121187834460236	1.58023468008968e-07
"TCGA.EE.A29D"	0.0142955311555948	0.0971091373502383	0.0319582737400893	0.249818652909618	9.93374232582384e-15
"TCGA.EE.A29E"	0.0150467025880649	0.0278482072110391	0.025329306704505	0.127031710513224	1.09314831544504e-14
"TCGA.EE.A29G"	0.0440298323321497	0.309998782318977	0.351795534332477	0.0406843369346057	2.52237538162259e-06
"TCGA.EE.A29H"	0.508993668426535	0.0322001048103582	0.0521190391458818	0.0255642650054314	0.12144227388407
"TCGA.EE.A29L"	1.06552186045566e-14	0.0263189816716888	0.057295863466493	0.210014051133944	1.06552186045566e-14
"TCGA.EE.A29M"	0.390197962645859	0.109418602858217	0.0880159501030025	0.121918183556023	0.249861155236858
"TCGA.EE.A29N"	0.363158730464617	0.211818095551744	0.0911889939207396	0.120480337209562	0.202987967430641
"TCGA.EE.A29P"	0.122292931158817	0.0637892649144013	0.0764424721030103	0.0499329320954518	0.45364659367638
"TCGA.EE.A29Q"	0.0139190122170568	1.39597967510771e-14	0.00340001920851816	0.286738609303269	1.39597967510771e-14
"TCGA.EE.A29R"	0.00884296218432989	0.0618056323959143	0.0843958453341248	0.0552979000897743	1.42271080950946e-14
"TCGA.EE.A29S"	1.78683252315625e-14	0.0125378745534914	0.106390293028262	0.12221534319587	0.220717589688086
"TCGA.EE.A29T"	0.111041935392541	0.182042261690892	0.0107977130550486	0.0263749006775636	0.243854524594359
"TCGA.EE.A29V"	0.00701593601078861	0.00702506037659117	0.1271912625886	4.22773866858123e-14	1.09289642113185e-14
"TCGA.EE.A29W"	1.27479452663944e-14	0.0462523209799261	0.153143410656358	0.125771885016471	1.27479452663944e-14
"TCGA.EE.A29X"	0.179974240492073	0.0298621228353969	0.0511627590230118	0.00754669872294955	0.365354833769959
"TCGA.EE.A2A0"	0.147631572225236	0.0246337620556542	0.394946180923227	0.0502154984882932	0.215594954111321
"TCGA.EE.A2A1"	0.423265881573376	0.0206399064515484	0.298074163266696	0.00430145361750628	0.163910039932429
"TCGA.EE.A2A2"	0.492440614751906	0.0825692252559062	0.017981726682047	0.133227806667662	0.157998137091185
"TCGA.EE.A2A5"	1.58510398089755e-14	0.0853515138857322	0.173155416892465	0.118745910260276	1.58510398089755e-14
"TCGA.EE.A2A6"	0.407910873744876	0.0132294623733751	0.0390203678753593	0.131527296143577	0.246315853078073
"TCGA.EE.A2GB"	0.0217171616521909	0.139357091371355	0.111554182430771	0.335786854132043	1.44832762587412e-14
"TCGA.EE.A2GC"	0.0514258748191279	0.176259479143418	0.0558310835449816	0.13656147453184	0.27889871899462
"TCGA.EE.A2GD"	0.0308655947421357	0.000340557293342631	0.314905881013836	0.111285879319837	0.0946080301899102
"TCGA.EE.A2GE"	0.177204204856709	0.196985514451204	0.133749389042199	0.0626969697602917	0.358880186568194
"TCGA.EE.A2GH"	0.12437451923093	0.0318991993220572	0.0495960560770427	0.0212443205978358	0.300170329087902
"TCGA.EE.A2GI"	0.255304566488534	0.135106446046868	0.037552690579778	1.6791780827816e-14	0.312832007135158
"TCGA.EE.A2GJ"	0.0475814790596506	0.0488826842097163	0.237698923816384	0.105676422461905	0.388962193273218
"TCGA.EE.A2GK"	0.419681504637754	0.207984449335451	0.0640561263147199	0.0378372719499779	0.118038514367738
"TCGA.EE.A2GL"	0.460371737966994	0.109690278945432	0.0506560720285579	0.0798685172527166	0.115353931345971
"TCGA.EE.A2GM"	1.61319036373674e-14	0.0331495209722985	0.0227583958568543	0.0525015362488861	1.61319036373674e-14
"TCGA.EE.A2GN"	4.43007911706492e-09	0.0935386302652662	0.106345375289873	0.048719685131601	1.5073099697815e-14
"TCGA.EE.A2GO"	0.00356818849301327	0.145159711179673	0.00540665059918367	0.151904254642753	1.02030607635014e-14
"TCGA.EE.A2GP"	0.0053548859821004	0.0803870903241218	0.315037449438975	0.151915117998951	0.148620409472277
"TCGA.EE.A2GR"	0.00304341736657174	0.00398843951442741	0.01162521225169	0.185007504043664	1.02951528288119e-14
"TCGA.EE.A2GS"	1.59372425245714e-14	0.133015701088194	0.220826171564096	0.0236885612848536	2.01375294446262e-06
"TCGA.EE.A2GT"	0.474588827199372	0.116359281321771	0.165079218624551	0.0105794966270698	0.188084212294324
"TCGA.EE.A2GU"	0.0558996723391205	0.111801947934543	0.0676817326472932	0.19341458613588	0.415803164463742
"TCGA.EE.A2M5"	0.00179964376008355	0.00470596811450999	0.012573877004733	0.0300541656874724	0.0722269164542693
"TCGA.EE.A2M6"	0.0212965902717077	0.0214265775489436	0.089221964460275	0.0683021135039307	0.157818812820866
"TCGA.EE.A2M7"	0.372447508882408	0.12577418046212	0.174405119055331	0.0705676830788963	0.160660552259672
"TCGA.EE.A2M8"	0.271792481826236	0.0683437283312632	0.0373982030252865	0.0914506818979643	0.454142074246414
"TCGA.EE.A2MC"	0.0611952172745976	0.0588964178885473	0.265007888658546	0.0589067422721183	0.281592707214093
"TCGA.EE.A2MD"	0.222527793087404	0.144712451341782	0.0572669444423114	0.138921577491703	0.128945593343998
"TCGA.EE.A2ME"	0.36366187154222	0.177046503595643	0.150851511257187	0.0703082847790786	0.162846354079106
"TCGA.EE.A2MF"	0.0110941595241152	0.0320728972531238	0.184275723740587	0.152562498319854	0.0196472596319609
"TCGA.EE.A2MG"	0.427447840586334	0.0742441368220115	0.172170477142778	0.035976701659201	0.156541951744692
"TCGA.EE.A2MH"	0.471786002554847	0.0121257291832865	0.0704803179051355	0.0148780738609927	0.200478468912821
"TCGA.EE.A2MI"	0.0283774630621858	0.0872571558107592	0.26314963767348	0.0579837644184506	0.196227065278398
"TCGA.EE.A2MJ"	0.490173120807665	0.0595916291816402	0.123610327229473	0.076797684908171	0.191730781407348
"TCGA.EE.A2MK"	0.0223739336454931	0.0101126798288827	0.0944610501520689	0.198501980637049	0.258036924732168
"TCGA.EE.A2ML"	0.287871005771918	0.0265728498227902	0.00436845998899965	0.16558840186442	0.319161502156064
"TCGA.EE.A2MM"	0.00991708751364259	0.0892093088871014	0.091862294571781	0.0918886218913069	1.48882695555521e-14
"TCGA.EE.A2MN"	0.135945506035675	0.0472543636194109	0.0261127808159952	0.0022856289569337	0.455266633371055
"TCGA.EE.A2MP"	0.0307529573107994	0.149929032186946	0.153124417598302	0.0280902071377779	0.101912358610394
"TCGA.EE.A2MQ"	0.0153307860362506	0.0113255724317112	0.0182965049013305	0.125646889690324	0.0695721355709663
"TCGA.EE.A2MR"	0.340177216775585	0.0783985162983962	0.0565871151698455	0.0813022787617267	0.196127568001181
"TCGA.EE.A2MS"	0.0240214711455247	0.276029185912177	0.19019261830156	0.12917898785832	0.0173863941696899
"TCGA.EE.A2MT"	0.0101788129803618	0.0936536807904791	0.0360954372550415	0.159247192435821	1.36203923147833e-14
"TCGA.EE.A2MU"	0.076687434527374	0.0478360609845949	0.0906666618370616	0.0516128697446506	0.463128657522815
"TCGA.EE.A3AA"	0.485329011901934	0.0896984763235815	0.0790705868310486	0.0981391594446789	0.180519773131081
"TCGA.EE.A3AB"	0.0379343166952365	0.0716886403856321	0.230372752426392	0.0259224688043151	0.125388532786318
"TCGA.EE.A3AC"	0.2234374936266	0.000382670637587114	1.7609553205052e-14	0.19342163916008	0.317317242517722
"TCGA.EE.A3AD"	0.00971924589963624	0.0145540328344432	0.026939560267608	0.19148957677967	1.00323102957088e-14
"TCGA.EE.A3AE"	0.138032780556116	0.0593170964750974	0.0460426146019038	0.152845235043302	0.319045971694169
"TCGA.EE.A3AF"	0.00816890218614624	1.46408074775708e-14	0.0266820974978259	0.0396261121082438	0.0468628315264889
"TCGA.EE.A3AG"	0.01043336873319	0.116929160156011	3.2475432626879e-10	0.165438286864707	1.16345576976277e-14
"TCGA.EE.A3AH"	0.00244280400362024	0.134029471697849	0.187027174493776	0.114924912456543	1.04541547574794e-14
"TCGA.EE.A3J3"	0.087207370154316	0.0254131018439952	0.077670734156255	0.120940965207357	0.146586143663405
"TCGA.EE.A3J4"	1.70093722984663e-14	0.011078830321523	0.0181591872096944	0.101542679917808	1.70093722984663e-14
"TCGA.EE.A3J5"	0.0462728170813616	0.0750555988076995	0.191047953823544	0.0639424600704219	0.277863860084547
"TCGA.EE.A3J7"	0.00170826712266964	0.0566932942588152	1.6766517611218e-14	0.168129205131166	1.6766517611218e-14
"TCGA.EE.A3J8"	0.00830443235280673	0.0140322752755102	0.0477062776163144	0.12317692149718	8.57798225552265e-15
"TCGA.EE.A3JA"	0.0208510124764029	0.00581309702216123	0.180149306840971	0.118125360123648	0.198861541588398
"TCGA.EE.A3JB"	1.5119067715058e-14	0.109678744577649	0.0774440512879362	0.100755523630541	0.184688249557613
"TCGA.EE.A3JD"	0.574210073342948	0.0935487533802538	0.0186073827253282	0.080153114535736	0.233480676015706
"TCGA.EE.A3JE"	0.311529985614032	0.0508533460260872	0.161683904259571	0.0635238033997912	0.312542902972424
"TCGA.EE.A3JH"	0.389381594638282	0.101343210441327	0.0122828567603502	8.20673164185843e-15	0.366401691556425
"TCGA.EE.A3JI"	0.00171303064892605	0.0347205494323076	0.0816938618558428	0.304094016974703	5.752229474779e-05
"TCGA.ER.A193"	0.0432408951235051	0.014378111045621	0.281185374082232	0.125742418734812	0.337042574522987
"TCGA.ER.A195"	0.0512867570962301	0.0499124841358504	0.380791114089019	0.0830805983326932	0.310523071272769
"TCGA.ER.A197"	0.0498275448854591	0.0439325353796411	0.113584380447836	0.00733531261288949	0.222842921558541
"TCGA.ER.A198"	0.00968989147828861	0.0209617954784359	0.109830024314212	0.0822261634076646	0.176665156769222
"TCGA.ER.A199"	0.511979988410782	0.0510070363045017	0.0871568567658491	0.00436952105278028	0.241706442440577
"TCGA.ER.A19A"	0.178721857035882	0.0060297454736682	0.250192956738748	0.057015662796075	0.358860915841272
"TCGA.ER.A19B"	0.00841784953613296	0.160795774246061	0.0790441250301133	0.141492744131549	8.70798037466921e-15
"TCGA.ER.A19C"	0.00972700064057398	0.0548922956664169	0.043724553031057	0.0521147358757328	1.45851410409196e-14
"TCGA.ER.A19D"	0.0346853669914241	0.187146549315601	0.185234129553521	0.0366098300844516	0.163082044280908
"TCGA.ER.A19E"	0.000277061274790573	0.127254220073525	0.0343323326550728	0.0507675853735262	1.26580321175368e-14
"TCGA.ER.A19F"	0.00827000794304238	0.0305276813505044	0.0154998950861345	0.129459030292801	1.88012359552847e-14
"TCGA.ER.A19G"	0.0973056245473933	0.111120212107643	0.0903128816238891	0.100522446718033	0.365708969903902
"TCGA.ER.A19H"	0.100700498101624	0.112177595082278	0.163692754042048	0.0957387476038795	0.23597341473219
"TCGA.ER.A19J"	1.67967816855836e-14	0.0345446435613682	0.160937501355571	0.123126194469822	1.67967816855836e-14
"TCGA.ER.A19L"	0.00538928671844365	0.0829233871067529	0.112646424428632	0.0908317719286252	1.29598295436213e-14
"TCGA.ER.A19M"	0.0341149798196556	0.173826658584265	0.0940899992414368	0.0161565034453593	0.196795813589748
"TCGA.ER.A19N"	0.217043317837966	0.0557952669438354	1.4491064196402e-14	1.4491064196402e-14	0.616524145332519
"TCGA.ER.A19P"	0.44687463275788	0.142409009953374	0.0564131052962975	0.0511690177919213	0.234973392953158
"TCGA.ER.A19Q"	0.0373112372948049	0.0638826934636532	0.160417021438581	1.03806457086586e-05	0.326505913026731
"TCGA.ER.A19S"	0.276103749840059	0.10416957604795	0.0403987335518732	0.0557100401446018	0.458894046456949
"TCGA.ER.A19T"	0.00241173838282401	0.0138670929789017	0.06293262614296	1.59358537935596e-14	1.59358537935596e-14
"TCGA.ER.A19W"	0.265691294713351	0.0802125158738877	0.0409044653978855	0.0776711771763752	0.463024755479788
"TCGA.ER.A1A1"	0.443077523186117	0.118145119280772	0.060470274348489	0.109759429931961	0.125695965185858
"TCGA.ER.A2NC"	0.0111322971429708	0.128360656397422	0.263423495393969	0.0237322321084288	0.14589097676117
"TCGA.ER.A2ND"	0.00306779503637879	1.26657899403065e-14	0.0927918632607851	0.0442415260713543	1.26657899403065e-14
"TCGA.ER.A2NE"	0.0140104783509849	0.00820609730083343	0.065444985727301	0.249580131345566	1.07502728958657e-14
"TCGA.ER.A2NF"	0.0388827575047072	0.054903050383524	0.0905763689028717	0.0107377939848044	0.156234691346675
"TCGA.ER.A2NG"	0.0154990966451844	0.0989008374309614	0.0487712743659872	0.0345997167578631	0.401793905979643
"TCGA.ER.A2NH"	0.132061557514065	0.0832060528634834	0.13878148513039	0.0553629457293534	0.383093234403081
"TCGA.ER.A3ES"	8.35108552994977e-15	8.35108552994977e-15	0.0342581651830611	0.171029658931124	8.35108552994977e-15
"TCGA.ER.A3ET"	0.132670712586936	0.210626263778416	0.203211638030285	0.154598203879077	0.0704433117849941
"TCGA.ER.A3EV"	0.0255714452016313	0.0615749305019645	0.0433077541871831	0.00110628925809003	9.67134921901948e-15
"TCGA.ER.A3PL"	0.0161893099102205	0.0101767392404862	0.0391545695340252	0.168252928390054	1.4059817245284e-14
"TCGA.ER.A42K"	0.0171395422499075	0.0465455099955675	0.122141516509415	0.197312513326014	1.3210241813338e-14
"TCGA.ER.A42L"	0.150821956011407	0.0938898517783258	0.365873613818522	0.0487613371525592	0.265224463684076
"TCGA.FR.A3YN"	0.0455247619341137	0.0579777855057441	0.114033819570384	0.152950086165023	0.103593388533991
"TCGA.FR.A44A"	0.103104602431356	0.0358944414976197	0.0612621750643829	0.0258173740014179	0.501494676160215
"TCGA.FR.A69P"	1.48669893313312e-14	0.0876901958453895	0.0795193747200452	0.14140780957978	1.48669893313312e-14
"TCGA.FR.A729"	0.350573120919576	0.10599950655036	0.0589991887506263	0.0967834253014781	0.311899515432502
"TCGA.FR.A7U8"	1.12583981446429e-14	0.0550300444411834	1.12583981446429e-14	0.00592085044521704	1.12583981446429e-14
"TCGA.FR.A7U9"	0.00530706503728299	0.0165100430477158	1.24074790976261e-14	0.0446926292466779	0.278285851988492
"TCGA.FR.A7UA"	0.280976789408978	0.028763077719634	0.0145127577339794	0.110535963090029	0.361708789024957
"TCGA.FR.A8YC"	0.0107297739251633	0.0293321328381449	0.112878179193208	0.112613655644489	1.44393604737296e-14
"TCGA.FR.A8YD"	0.0055395791429717	4.26263631183244e-05	1.25994825433008e-14	0.0589769549302897	1.25994825433008e-14
"TCGA.FR.A8YE"	0.299459343461973	0.115956759580897	0.159719874809732	0.13526656960564	0.115927978164427
"TCGA.FS.A1YW"	0.0841823763865784	0.00289249402549111	0.208273029018883	0.254814881730676	1.27317266606028e-10
"TCGA.FS.A1YX"	1.73342992032857e-14	0.00756986574608141	0.0915352652537521	0.176169221485747	1.73342992032857e-14
"TCGA.FS.A1YY"	0.00806739402141775	1.36192136036139e-14	0.0351424451538578	0.153733902520927	1.36192136036139e-14
"TCGA.FS.A1Z0"	0.0155757019506866	0.0880676706964023	0.11571346559331	0.0852737401282218	0.39207732605647
"TCGA.FS.A1Z3"	0.0244050802965285	0.0850607072632342	0.0914290281561206	0.247438941053262	1.50554118833845e-14
"TCGA.FS.A1Z4"	0.518332814253573	0.0546744682348237	0.113223216344121	0.0626437555540273	0.204984275356947
"TCGA.FS.A1Z7"	1.38802517701929e-14	0.0446267717226951	0.483577624528275	0.122660171401559	1.38802517701929e-14
"TCGA.FS.A1ZA"	0.0272761900886394	0.137453341039723	0.00872655392398865	0.0962710893377362	0.111237265149752
"TCGA.FS.A1ZB"	1.52083536060798e-14	0.021892455546642	0.384458578204017	1.52083536060798e-14	0.0893598161067513
"TCGA.FS.A1ZC"	8.66798267409191e-15	0.129437015340292	0.211043795018057	0.103167292112867	8.66798267409191e-15
"TCGA.FS.A1ZD"	8.95062393822579e-15	0.178623311457437	0.118123320754871	0.162153829809652	8.95062393822579e-15
"TCGA.FS.A1ZE"	0.00820181649187038	0.00225537767265399	0.0183779493943835	0.183890648856944	1.42428150967799e-14
"TCGA.FS.A1ZF"	1.2195135184024e-14	0.15806974343386	0.137783880972554	0.128755007903256	1.2195135184024e-14
"TCGA.FS.A1ZG"	0.0112945810476444	0.00964844907886471	0.0502086533773986	0.0969517735607087	1.29695307001886e-14
"TCGA.FS.A1ZH"	0.282470481580168	0.0796421767525151	0.227713502579054	0.0564845201624913	0.141581048331929
"TCGA.FS.A1ZJ"	0.00446364193693927	0.078122602341852	0.0242841287919504	0.189996237385927	1.52876034689081e-14
"TCGA.FS.A1ZK"	0.00835890175920083	0.282473913309065	0.0303421788895493	0.207711278156635	8.98208369411027e-15
"TCGA.FS.A1ZM"	0.0179391420707364	0.0597601625695045	0.131778266603916	0.202785404861563	0.254794832895908
"TCGA.FS.A1ZP"	0.230041693277171	0.00546565564087067	0.341126961010474	2.28911990167775e-07	0.193068022904145
"TCGA.FS.A1ZQ"	0.0342399209106021	0.212555373024861	0.141021251836137	0.0595514519487966	0.0289551828990628
"TCGA.FS.A1ZR"	1.56798931442567e-14	0.170817622365425	0.299637133800176	0.144292074126963	1.56798931442567e-14
"TCGA.FS.A1ZS"	0.00969998344572703	0.0893160633421177	0.00176769945983943	0.19278392962546	1.01732569293423e-05
"TCGA.FS.A1ZT"	0.275498906849449	0.14346853354992	0.133014499123107	0.0702802780052301	0.28465953105698
"TCGA.FS.A1ZU"	0.000560201103259585	0.00650139122839975	0.0176129674103791	0.0368543166322497	1.14280996115118e-14
"TCGA.FS.A1ZW"	0.219138090323296	0.0172858930464935	0.096140883823778	0.0730879024161217	0.363873872097406
"TCGA.FS.A1ZY"	1.03481778473968e-14	0.0425272663077664	1.03481778473968e-14	0.0201950218460322	1.03481778473968e-14
"TCGA.FS.A1ZZ"	0.0158105218015146	7.58568914465744e-10	0.0282406146726569	0.178414329917565	1.18103078683061e-14
"TCGA.FS.A4F0"	0.0124815042593863	0.0615240524636543	0.0415199766486372	0.292581532747347	1.06982742647263e-14
"TCGA.FS.A4F2"	1.59568134913237e-14	1.59568134913237e-14	0.0529147052412721	0.0820367644713189	1.59568134913237e-14
"TCGA.FS.A4F4"	0.0135867058883349	0.0317843312777328	0.0671721711135468	0.00170528400489522	1.33555996973936e-14
"TCGA.FS.A4F5"	0.0138004570088933	0.00285152779711418	0.0897236214985391	0.164339454189457	1.37818365858149e-14
"TCGA.FS.A4F8"	0.403299070545379	0.0694052193434123	0.243273681818424	0.0725504273735642	0.118537665347632
"TCGA.FS.A4F9"	1.19479768719497e-14	0.0130949185164068	0.0706070292497573	0.0585205211213841	1.19479768719497e-14
"TCGA.FS.A4FB"	0.0109441233314329	0.109874361830188	0.0133392950520487	0.103106137661278	1.22626319794759e-14
"TCGA.FS.A4FC"	0.0333317338273309	0.178819071133506	0.115541384683681	0.0675743795381534	0.00891240629307844
"TCGA.FS.A4FD"	0.0214685688194242	0.148143825063963	0.127611987232618	0.111877968023022	1.52493839876605e-14
"TCGA.FW.A3I3"	0.010553422291533	0.225320754577553	0.0636125186897619	0.199111899718056	1.09429813833534e-14
"TCGA.FW.A3R5"	0.299988040101128	0.00140635906197771	0.0603800086120101	0.149396122268076	0.0924984185861065
"TCGA.FW.A3TU"	0.0156142867888994	0.062958180693166	0.045537422175768	0.0247496850997148	1.56641219450476e-11
"TCGA.FW.A3TV"	0.401299988814718	0.11165124765084	0.0509621065667618	0.163823810509581	0.106884237124637
"TCGA.FW.A5DY"	0.541268736677606	0.173099197430871	0.0286314707972585	0.0194391729131684	0.172218113879504
"TCGA.GF.A3OT"	0.00429681127925669	0.00522089910911993	0.0231948891712703	0.0455244427051672	0.000602647342225454
"TCGA.GF.A4EO"	0.303991764215184	0.0548576887318512	0.0286464714820106	0.0211852621668537	0.411002991224017
"TCGA.GF.A6C8"	0.100685890781159	0.0879939722465378	0.075453405605187	0.0398388743856587	0.133060389936199
"TCGA.GF.A6C9"	0.502502086116369	0.109832361698187	8.2134891005583e-15	8.2134891005583e-15	0.263195517472394
"TCGA.GN.A262"	0.00247511395526308	0.0677557258200768	0.0234308349845673	0.0485451936744304	8.43116990996583e-15
"TCGA.GN.A264"	0.0110329345820663	0.0238358400270967	0.0358141112168079	0.176308967470785	1.31619958043892e-14
"TCGA.GN.A265"	0.12793559957712	0.00941256532853949	0.0852826707938017	0.00621830097699307	0.403695532020511
"TCGA.GN.A266"	0.00259851308352897	0.090334032791714	0.19163497235753	0.0751095674989901	0.326679653219166
"TCGA.GN.A267"	1.80249067347868e-14	0.0329154395611793	1.80249067347868e-14	0.0530672547525683	8.07527266451262e-08
"TCGA.GN.A268"	0.0019957651646582	0.0826599795573409	0.0194042534626408	0.184415183130743	1.25035753604282e-14
"TCGA.GN.A26A"	0.024023728652514	0.233250654665902	0.0114811561935868	0.116775975111798	0.0755820847381859
"TCGA.GN.A26D"	0.0761790727722243	0.0101238661960632	0.0845737461565491	0.173525033888433	0.02504743348944
"TCGA.GN.A4U3"	0.000323703260440429	0.0109457718004811	0.0830713623415283	0.323363210932593	1.13849255528185e-14
"TCGA.GN.A4U4"	0.0604155884769854	0.0478020253858655	0.0674498225144412	0.0791161879396204	1.5514295917729e-14
"TCGA.GN.A4U7"	0.00737967453190537	0.00393683463260488	0.154890074969348	0.0522419040864453	1.04530389990506e-14
"TCGA.GN.A4U8"	0.424388683759649	0.102097220934278	0.103341629166029	0.0137322804592425	0.275361419781878
"TCGA.GN.A4U9"	9.73105913871994e-15	0.228521920750109	0.0610098852538501	0.09586163108529	0.00622850603243318
"TCGA.GN.A8LK"	9.54553539775789e-15	0.0380187602328288	0.0491014162818384	0.0114165904272135	9.54553539775789e-15
"TCGA.GN.A8LL"	0.00276763536265229	0.0670344348537099	0.041530505265009	0.016731496255742	9.90515136330946e-15
"TCGA.GN.A9SD"	0.442337386492081	0.0837503186870719	0.230333033207039	0.0177385527888518	0.182623937343904
"TCGA.HR.A2OG"	0.0729286451816573	0.162689366871603	0.123628424464838	0.109960191506228	0.24448054691325
"TCGA.HR.A2OH"	0.132577940205279	0.107915150202449	0.0496794520436725	0.0592310272785459	0.542563898759476
"TCGA.LH.A9QB"	0.0002988746588555	0.0469307061755429	0.028571669674661	0.0535176310308972	1.08325073162446e-14
"TCGA.OD.A75X"	0.00816850940639054	0.0302565477981434	0.0281294408599642	0.20298933859805	1.70797904475228e-14
"TCGA.QB.A6FS"	0.294592964252173	0.0667949133412452	0.0281731253145296	1.2661744529653e-14	0.267411998719581
"TCGA.QB.AA9O"	0.0356705120312475	0.117801316328002	0.0450681734787574	0.00213472429535876	0.0674653254763994
"TCGA.RP.A690"	1.10152431372999e-14	0.0206837351372558	0.144083258615153	0.0550295288008942	1.10152431372999e-14
"TCGA.RP.A693"	0.17340640263507	0.0485608247557233	0.18613934374163	0.120336705966362	0.181101272150806
"TCGA.RP.A694"	0.0256166154395184	0.0970095655074192	0.215266389809478	0.106425350431456	0.0446559059160792
"TCGA.W3.A824"	1.65813054443203e-14	0.0106955421789521	0.0602399847399269	0.0419120872564647	0.134137281077755
"TCGA.W3.A825"	9.58014237708853e-15	0.264490032629827	0.138204773691645	0.0294431466965789	0.105297008821712
"TCGA.W3.A828"	7.50609240143481e-15	0.0768162138827565	0.247814233344987	0.0128384206570807	7.50609240143481e-15
"TCGA.W3.AA1O"	0.00234075974228395	0.0599703277351853	0.0526334983627268	0.199240807392226	1.40748255773156e-14
"TCGA.W3.AA1Q"	0.0156712278164817	0.00330452458807026	0.110540579382997	0.0228263570143916	0.0731245793869867
"TCGA.W3.AA1R"	0.00802165885136169	0.0391272217674977	0.0412607425651968	0.0884158080981275	1.57733549449789e-14
"TCGA.W3.AA1V"	1.30750111383548e-14	0.0284175580744903	0.0392438472224247	0.125273186352368	0.0346798185856837
"TCGA.W3.AA1W"	0.319104183474773	0.0288379996542171	0.0198583340769801	0.148775251130345	0.367738396894833
"TCGA.W3.AA21"	1.29580048295252e-14	0.0154681498368313	0.0172297519449538	0.00400605382406909	1.29580048295252e-14
"TCGA.WE.A8JZ"	0.00521381874061382	0.00741550617329573	0.0477648876702909	0.2192591099523	1.28346319005944e-14
"TCGA.WE.A8K1"	0.14523281647657	0.0216943945397642	0.128235147265504	0.0679375970606525	0.326485872979671
"TCGA.WE.A8K5"	1.93847130019318e-14	0.0633863815675005	0.0433399241017107	0.0781647297842827	0.0296795699570745
"TCGA.WE.A8K6"	1.28738919740382e-14	0.095656516560185	0.010201657364375	1.28738919740382e-14	1.28738919740382e-14
"TCGA.WE.A8ZM"	0.00280016064509737	0.148660850981911	0.123739310034102	0.226945424600878	1.01090836039698e-14
"TCGA.WE.A8ZN"	1.55604160645212e-14	1.55604160645212e-14	0.0729936568473001	1.55604160645212e-14	0.0765693018292472
"TCGA.WE.A8ZO"	0.0137399903269721	0.0854592563249051	0.135498575751921	0.179693771364934	0.109916676057258
"TCGA.WE.A8ZQ"	9.51250455888544e-15	0.158139826566859	0.183519017417588	0.228142950174867	9.51250455888544e-15
"TCGA.WE.A8ZR"	0.269097587215498	0.0656330585202947	2.87489554236398e-11	0.146230114778705	0.0478185501516696
"TCGA.WE.A8ZT"	0.0830219781584121	0.106270736221789	0.0506191149900751	0.28953605839891	3.41466889225606e-08
"TCGA.WE.A8ZX"	0.0457092879138343	0.0887853076945574	0.0900104739275297	0.0683607460851613	0.226175356896312
"TCGA.WE.A8ZY"	0.0205545311536939	0.0545121296235239	0.114160418069328	0.293523208818327	1.48929291156617e-14
"TCGA.WE.AA9Y"	0.200329559225405	0.117171420790161	0.344671201633272	0.00119105928309947	0.0752334506204542
"TCGA.WE.AAA0"	0.529501583186211	0.0276692233512451	0.0486465798310988	0.0455257806067934	0.135191167032465
"TCGA.WE.AAA3"	1.74115279271565e-14	0.0447019515662644	0.210333014537391	0.0231142281341998	0.11116933148476
"TCGA.WE.AAA4"	0.0484967299910909	0.00265373312044586	0.108670749002885	1.23741807019821e-14	0.39975968877058
"TCGA.XV.AB01"	0.0716057335579149	0.0359391178687748	0.0567989491545376	1.24783554877938e-14	0.0362536594027017
"TCGA.YD.A89C"	9.6810896767392e-15	0.0485562918620532	0.00919212112917328	0.0379000594159036	9.6810896767392e-15
"TCGA.YD.A9TA"	0.0622907445346159	0.348731569779715	0.0603386995262398	0.085427952191015	0.124714001330365
"TCGA.YG.AA3O"	0.0124701266086841	0.00118983069799342	0.172457049414129	0.133063037729415	1.47609059399085e-14
"TCGA.YG.AA3P"	0.000935901781506847	0.0491245233155924	8.42680782062591e-14	0.0655779188661479	1.10773321511672e-14
"TCGA.Z2.A8RT"	0.239979570114433	0.0886655338501544	0.0619666685085606	0.185575438655944	0.301510151564647
"TCGA.Z2.AA3S"	0.01754608372842	0.0749120717414	0.151536357841754	0.221786664390583	1.68704953646261e-14
"TCGA.Z2.AA3V"	0.157934248748679	0.0445413786502618	0.0889254278585964	1.01344309173417e-14	0.29545233782006
