"ID"	"S01"	"S02"	"S03"	"S04"	"S05"
"TCGA.3N.A9WB"	1.71427140732182e-14	0.0269375764486336	0.00931574036257155	0.0830410465575929	0.213725909620935
"TCGA.3N.A9WC"	0.539328478440977	1.50005776337545e-14	0.123252905155773	0.0652884499883201	0.0317233373965249
"TCGA.3N.A9WD"	0.0235279871431399	0.31056861761149	0.0446309188701968	0.0694828851489311	0.00856604928959424
"TCGA.BF.AAP0"	0.374983472916068	1.17705854871434e-14	0.149439527808494	0.13788336170981	0.102794003421722
"TCGA.D3.A1Q1"	1.21660894478668e-14	0.250827723644405	2.33072224155368e-05	0.241540987652439	0.0488610664112305
"TCGA.D3.A1Q3"	0.109908857593512	0.124762512991637	0.149331781404928	0.0898781011453381	0.102222442566174
"TCGA.D3.A1Q4"	0.0117035540545256	0.101457151823936	0.442103426851358	0.0887570336335162	0.157843945502442
"TCGA.D3.A1Q5"	0.0100480905527921	0.146158985122614	0.105086888801148	0.0901185210408227	0.136431263383307
"TCGA.D3.A1Q6"	6.3745510032825e-15	0.0143671301482632	0.00651665462463665	0.00325748607874261	0.0876873687926675
"TCGA.D3.A1Q7"	0.348683295945237	0.123773395518866	0.328815714159767	0.00271448191821188	0.104034375469817
"TCGA.D3.A1Q8"	1.03545047960769e-14	0.0245814315973401	0.313728715479903	0.120029753511634	0.0887188821427216
"TCGA.D3.A1Q9"	0.0453680202457729	0.00156916058817922	0.113078000689043	0.132415186092612	0.0871557987026904
"TCGA.D3.A1QA"	0.00477457460774946	0.198876560618078	0.00884501310712633	0.0200845862512131	0.0390440448379093
"TCGA.D3.A1QB"	0.443639035708141	1.21872995665921e-14	0.118959171701937	0.0676614708239679	0.151895694375083
"TCGA.D3.A2J6"	0.106557380526371	1.73114524049376e-14	0.0445642951260402	1.73114524049376e-14	0.171485188019007
"TCGA.D3.A2J7"	0.1915678285721	1.39699789730751e-14	0.162225009097875	0.0117756602158564	0.0453192733392243
"TCGA.D3.A2J8"	0.321076699994903	0.0289015913205363	0.190046124994528	0.0477827374594871	0.0198261829456189
"TCGA.D3.A2J9"	0.46358856427224	0.179598270239265	0.111872175882449	0.137998843356837	0.0315852463871784
"TCGA.D3.A2JA"	0.125583892297676	0.0449844113091507	0.30190887780844	0.160151339080175	0.0628301153102116
"TCGA.D3.A2JB"	0.269544341628489	0.230827474405652	0.116872804668787	0.0460485017992821	0.0505376487254778
"TCGA.D3.A2JC"	0.444537569633742	0.0190551058084825	0.0944528094338791	0.0850097771413662	0.205644796319517
"TCGA.D3.A2JD"	0.06562270921575	0.175146880063042	0.39253210293097	1.69990130315869e-14	0.109188043168443
"TCGA.D3.A2JE"	4.31662476668892e-15	4.31662476668892e-15	0.00510667458117127	4.31662476668892e-15	0.0413386207525826
"TCGA.D3.A2JF"	0.432134718436664	1.55749654898605e-14	0.209759488322857	0.0837013360504291	0.0436435699214747
"TCGA.D3.A2JG"	0.00967382016027974	0.00273810830726854	0.143891215357834	1.90742659952907e-14	0.0718634799345037
"TCGA.D3.A2JH"	0.438882639388761	0.0187172800650936	0.159814366234727	0.0192799582788597	0.0649030237261488
"TCGA.D3.A2JK"	0.0301066380678221	0.0039475710411817	0.248141380034661	0.121034564159063	0.176170740717837
"TCGA.D3.A2JL"	0.440553942138095	0.00526892528368842	1.46962028587994e-05	0.163794251188789	0.134879576677741
"TCGA.D3.A2JN"	0.32979507178008	0.0314918983388514	0.156801691913863	0.162962294784899	1.23298501508292e-14
"TCGA.D3.A2JO"	0.333690508951556	0.0452109190034746	6.36579870895545e-10	0.138980796077322	0.130555929290855
"TCGA.D3.A2JP"	0.141298948869949	0.0454718242229944	0.253612371749123	0.00424779851792752	0.145603486795116
"TCGA.D3.A3BZ"	0.156343185068495	0.0904151209069883	0.439267889324313	0.028799468464656	0.136593519450881
"TCGA.D3.A3C6"	1.55472211400197e-14	0.127925534613023	0.165579720769848	0.0753548808980094	0.156401624171045
"TCGA.D3.A3C7"	0.171986861189971	0.121907671411448	0.0035284657808151	0.222080432802136	0.158660809205249
"TCGA.D3.A3C8"	0.512840109905892	1.08254607859795e-14	0.100031467920154	0.0893807068982971	0.0166857663972941
"TCGA.D3.A3CB"	0.547021242927264	0.0523827285399893	0.114735031302617	1.3886853418254e-14	0.198351709464161
"TCGA.D3.A3CC"	1.5291897222257e-14	0.0326391023754636	0.174373451245271	0.0626822472774533	0.246676210716811
"TCGA.D3.A3CE"	0.263538376188558	0.159323541624529	0.119312096514488	0.0397902952791288	0.117943601247788
"TCGA.D3.A3CF"	0.241925753195066	0.0261771484901608	0.285273677887716	0.0714932317182399	0.0522500508402374
"TCGA.D3.A3ML"	1.50234679400932e-14	0.00262757548839298	0.0369013010025481	1.50234679400932e-14	1.50234679400932e-14
"TCGA.D3.A3MO"	5.65995404795046e-05	0.0448274260905659	0.0828523004495512	0.149518440337639	0.132431678929118
"TCGA.D3.A3MR"	0.246017491606504	0.0212097971785281	0.096077882093024	0.288364099560154	0.0341627937837281
"TCGA.D3.A3MU"	0.0182865419260793	0.0171989200648916	0.19365404903831	0.087318429345571	0.188003134994866
"TCGA.D3.A3MV"	1.68931381125936e-14	0.0208051749173415	0.094303558726099	0.0326343545955268	0.0637828431723634
"TCGA.D3.A51E"	0.301556380714465	0.0643357500441053	0.0358608350427716	0.0350551381019004	0.101193318985995
"TCGA.D3.A51F"	0.385770363124561	0.0216654011526243	0.188957039106152	0.118132392148683	0.0368666630285249
"TCGA.D3.A51H"	0.260172559468792	0.118786010290642	0.0971402726951529	0.126394238523079	0.0543377800868923
"TCGA.D3.A51J"	0.556183712942337	0.0448376225893124	0.17868085638971	0.0409247012182767	0.0819153090275819
"TCGA.D3.A51K"	0.0939759672466345	1.55025756970017e-14	0.122898633729337	0.162654236451285	0.0630931733519972
"TCGA.D3.A51N"	0.0415657617442976	0.0763811357496936	1.3331329431859e-14	0.129246288404691	0.142345271919885
"TCGA.D3.A51R"	7.73122513662482e-15	0.034233770949005	0.118632452793236	0.0255477203856685	0.188574254652425
"TCGA.D3.A51T"	0.0565004637267813	0.146679830636962	0.0656217472667406	0.030344039907372	0.0617667239956379
"TCGA.D3.A5GL"	1.73518433458801e-14	1.73518433458801e-14	0.0605925257223101	0.0722773677471495	0.183317342787351
"TCGA.D3.A5GN"	0.151060740359227	0.0730519943511967	0.221563845239327	0.0548565030330251	0.094706755168416
"TCGA.D3.A5GO"	0.208271437946024	0.105980803239121	0.0839587976016391	0.00890551910080223	0.110591898666442
"TCGA.D3.A5GR"	0.147799679354709	0.0687960589982734	0.270769573607186	0.15113779666682	0.0644576857751781
"TCGA.D3.A5GS"	0.0445683346019287	0.0711775879375469	0.105991450389599	0.221911550821614	0.0840037053920362
"TCGA.D3.A5GU"	0.156320682862383	0.13082308364616	0.0374269348238167	0.24169183210291	0.142420689993809
"TCGA.D3.A8GB"	0.070258274790961	0.00438160623019512	0.0942666802036082	0.0595104788150072	0.0260922338715552
"TCGA.D3.A8GC"	1.71303623554527e-14	0.0531408547176005	0.0151382465348062	0.0236804206103088	1.71303623554527e-14
"TCGA.D3.A8GD"	0.476945129108383	0.0344315470828084	0.0352356372334664	0.124121244653534	0.159782308850132
"TCGA.D3.A8GE"	0.176252957034739	3.98444242280103e-08	0.420744297377434	0.187419040759159	0.135851311362823
"TCGA.D3.A8GI"	7.410436758966e-15	7.410436758966e-15	0.131942050145355	7.410436758966e-15	0.0297464830078339
"TCGA.D3.A8GJ"	0.347608190966483	0.0290774437146106	0.0384195951818158	0.083455987856417	0.0033416766337836
"TCGA.D3.A8GK"	1.74385513738146e-14	0.0827450183828261	1.74385513738146e-14	0.00427041691371538	0.0471432559996519
"TCGA.D3.A8GL"	1.66587265530759e-14	0.074107147401255	4.96638768675336e-12	0.0951730987261402	0.144427900983319
"TCGA.D3.A8GM"	0.0784070151616027	0.0297836086882025	0.0363199196787702	9.11839550040102e-15	0.0409877361509401
"TCGA.D3.A8GN"	0.318427690017615	2.37916295968881e-12	0.119199741965805	0.0478493520050692	0.0579282985275929
"TCGA.D3.A8GP"	1.8962220108598e-14	0.00220074134210281	9.16674148846055e-09	0.125342381671841	0.12730147947022
"TCGA.D3.A8GQ"	1.05830159310297e-14	0.0608133406323374	0.0732817713133386	0.0833456715792709	0.0975586116085421
"TCGA.D3.A8GR"	1.20183853340521e-14	0.130881312737756	1.20183853340521e-14	0.171023801113017	0.0396984327711299
"TCGA.D3.A8GS"	0.180907289857088	0.0569484804144678	9.29837752930002e-15	0.0965981656618962	0.0542029533022859
"TCGA.D3.A8GV"	0.0209674115743184	2.18518914026901e-14	0.0371805121088612	0.116033307966554	2.18518914026901e-14
"TCGA.D9.A148"	0.0428888210621128	0.0728486928887723	0.00390804428869672	0.0734376941487537	0.172719431284062
"TCGA.D9.A149"	0.263365422050367	1.95704851111283e-14	0.144110702762579	0.0527316494719428	0.0316101583951109
"TCGA.D9.A1JW"	0.376967356537852	2.0308206034089e-14	0.141786102733753	2.0308206034089e-14	0.0745587348541862
"TCGA.D9.A1JX"	0.321975556406431	1.23514515096163e-14	0.112408770541939	0.132806395286721	0.160075043158013
"TCGA.D9.A1X3"	1.4504040833041e-14	0.0055260616031865	0.081072384043435	0.0745366520452542	0.0470305667770598
"TCGA.D9.A3Z1"	0.507387062855152	0.039507037851767	2.791514494697e-05	0.0664402691940837	1.62020276261328e-14
"TCGA.D9.A3Z3"	0.240178540591079	2.45644866974708e-08	0.0754701055991539	0.259413047530331	0.170839345125021
"TCGA.D9.A4Z6"	0.0275005666932905	0.00051989518828501	0.135891954861007	0.115848373792002	0.276577269089987
"TCGA.D9.A6EA"	1.7036284725596e-14	1.7036284725596e-14	0.0549108483203555	0.14171316411075	0.151868348234935
"TCGA.D9.A6EC"	8.53521650857116e-15	0.00619140070442572	0.0331200800205111	0.0376755558957926	0.119934004489798
"TCGA.D9.A6EG"	1.38790675004151e-14	8.11064553631553e-10	0.0576422699183671	0.0696221488113793	0.278199780286293
"TCGA.DA.A1HV"	0.304991102235685	0.0198151376663124	0.0210348968498866	0.0748850141440707	0.142334608738093
"TCGA.DA.A1HW"	0.447546086274382	0.0388617102814679	0.0286417438693016	0.128697642706319	0.139909272356034
"TCGA.DA.A1HY"	1.02295363234293e-14	0.00602751322726256	0.239043533835432	0.107794665582116	0.116069395829028
"TCGA.DA.A1I0"	0.0553770054860249	0.135510598786838	0.161890956278672	0.089702622193585	0.102004078770558
"TCGA.DA.A1I1"	0.268737921309543	1.70567770275591e-14	0.361557552352105	0.00469948337580769	0.049721433812331
"TCGA.DA.A1I4"	0.00432147023107035	0.086836461737542	0.382842839681179	0.0531299233443376	0.0245793221567492
"TCGA.DA.A1I5"	0.300672156720499	0.0631999480688341	0.235693924389589	0.0938318449987507	0.0431437154195413
"TCGA.DA.A1I7"	0.00849802662312972	0.0267833694617393	0.238914175687341	0.0598261064164843	0.210331627629975
"TCGA.DA.A1I8"	8.18931252167882e-15	8.18931252167882e-15	0.024021391119694	0.153491287994167	0.170888683862522
"TCGA.DA.A1IA"	1.20948691567633e-14	0.179710040450765	0.0319242712730426	1.29398799046989e-09	0.200251281193522
"TCGA.DA.A1IB"	0.482281833762833	0.163544198899518	0.0955365868010785	0.0679616083440893	0.0625396655166718
"TCGA.DA.A1IC"	0.0594520981751073	0.136646597678154	0.0906734641443669	0.0448760287740752	0.146254975685502
"TCGA.DA.A3F2"	0.507785886598031	0.0732135803745946	0.31716952086874	9.40650002676363e-15	0.0290743298592902
"TCGA.DA.A3F3"	1.51894882954381e-14	0.130516414783421	0.0461488815633555	0.0487770983842126	0.0467158173192109
"TCGA.DA.A3F5"	1.21863416245646e-14	0.0134775634399769	0.102703498925118	0.0461086280521878	0.0938870402271118
"TCGA.DA.A3F8"	0.656061219973346	0.0834224296952131	0.115187473099316	0.0637055218612763	0.048604284131681
"TCGA.DA.A95V"	0.0815545327837551	0.0286980643699647	0.0235009295452771	0.0893561615997389	0.0333215190905224
"TCGA.DA.A95W"	0.0310692860712622	1.90586644505563e-14	0.0342864539730296	0.292976807021053	0.153199803237962
"TCGA.DA.A95X"	0.0309756929233054	0.0987011759578913	0.0953490590868885	0.208053423773911	0.193981403765156
"TCGA.DA.A95Y"	1.79670327463252e-14	1.79670327463252e-14	0.0753644497105615	1.79670327463252e-14	0.113155925651342
"TCGA.DA.A95Z"	8.32478204360739e-08	0.028031085061824	0.0169798187768676	0.0777563150853645	0.0253254231430323
"TCGA.EB.A44Q"	0.274326520861178	0.058923655019992	0.00877892210704563	0.15893815376551	0.234755224557638
"TCGA.EB.A44R"	0.0936692763583557	0.144555833981126	0.150103773696796	0.198870187496555	0.12789978304459
"TCGA.EB.A5KH"	0.00289469502341186	1.48984725583145e-14	0.0429003262704722	0.158180451983905	0.248432503242775
"TCGA.EB.A5SG"	0.688334644223102	0.0302100679299359	0.061355083525	0.0865160008661783	0.0178868602928653
"TCGA.EB.A5SH"	0.0407555289111664	1.56024063409158e-14	0.112656882968655	0.186331351472301	0.139572868102645
"TCGA.EB.A5UL"	0.28828653682581	1.61857557242304e-14	0.0093207125183053	0.128151617317934	0.148271978955748
"TCGA.EB.A5UN"	0.0175414262692331	0.0301850449710623	0.10523945130242	0.0531630668599492	0.289915723396121
"TCGA.EB.A5VV"	0.236457817915591	0.341878913943255	0.0208241630531442	0.0736902268703896	0.031506554567363
"TCGA.EB.A6L9"	0.306750692739611	0.131213798063052	0.135697649040204	0.157483428876545	0.142735977129208
"TCGA.EE.A17X"	0.0058077010295316	0.0602484060980155	2.50171843464899e-05	2.0582623722385e-14	0.0265154144854695
"TCGA.EE.A17Y"	1.25645887705598e-14	0.0260007231349684	0.183445391023274	0.179930805952581	0.149565009290274
"TCGA.EE.A17Z"	0.0087983044073659	1.33247023329563e-14	0.107462517373665	0.228304294922217	0.091246439839488
"TCGA.EE.A180"	1.75038309882189e-14	0.031259653174879	0.123345627494959	0.0745603259245766	0.0467887473759249
"TCGA.EE.A181"	0.41498984263156	1.45798560411572e-14	0.15354249809567	0.0973594285634904	0.194943834978324
"TCGA.EE.A182"	0.0616604417910337	1.45566007938225e-14	0.203597856328488	0.0195527729609207	0.165875185948449
"TCGA.EE.A183"	0.123130117991664	0.0518277352194648	0.313300455105616	0.0680271590390443	0.121296651516419
"TCGA.EE.A184"	0.200873807043453	1.84950835817282e-14	0.0599332045168971	0.057000502881125	0.333758466153684
"TCGA.EE.A185"	3.91428636330012e-08	0.00323895719168322	0.0283678196161121	1.40753372269586e-14	0.0672998209445451
"TCGA.EE.A20B"	0.136202033901562	0.15626212876623	0.263450618841213	0.0382410604173645	0.102230959325927
"TCGA.EE.A20C"	1.20991256838084e-14	0.0625163816818681	1.20991256838084e-14	0.0623921934744301	0.0919233512095013
"TCGA.EE.A20F"	0.128646520256855	1.50187101740115e-14	0.0291511393981828	0.128567531958982	0.110040007734123
"TCGA.EE.A20H"	1.00818143382207e-14	1.00818143382207e-14	0.0374938459176527	0.107237753644889	0.206535061367149
"TCGA.EE.A20I"	0.0707667757668666	0.0336781896911897	0.186660077749995	2.01070801485161e-14	0.0330720226750829
"TCGA.EE.A29A"	1.55538431781297e-14	0.0961515460013053	0.232272173468647	0.00551211233389299	0.128688749115674
"TCGA.EE.A29B"	0.00343259095695554	0.0396417496931307	0.0644611950857741	2.01083677188613e-14	0.125088360372553
"TCGA.EE.A29C"	1.29536527137566e-14	0.120152564975553	0.472019804721909	1.70110037872061e-14	0.123726833232684
"TCGA.EE.A29D"	1.60767982264515e-14	0.048159157616493	0.108096290774615	0.1431250691215	0.178709588500997
"TCGA.EE.A29E"	1.63346409690819e-14	5.27533422685662e-05	0.0844187870249365	0.046305439536847	0.152710925910901
"TCGA.EE.A29G"	0.0868071315675502	0.134608014014475	0.0624820598779557	8.09740217979878e-15	0.097212782174036
"TCGA.EE.A29H"	0.0444069345081174	0.140672209771277	0.0234313820591533	1.93594123338162e-14	0.0104036330368611
"TCGA.EE.A29L"	1.45125786497886e-14	0.0455500535838271	0.0149593097923967	0.0341074093310134	0.0247586556235141
"TCGA.EE.A29M"	0.208546486538834	0.141877475683864	1.23978194568681e-14	0.0662396685715406	0.069538447731699
"TCGA.EE.A29N"	0.129553672543359	0.104160683489035	0.19173139524604	0.0955666765196289	0.0648009225431544
"TCGA.EE.A29P"	0.641436108938506	0.0138041099553154	0.072358523339018	0.030963898936122	0.0944248784317676
"TCGA.EE.A29Q"	1.80217945720309e-14	0.00136711900518889	0.0293511457028751	0.178100206616589	0.21617436835056
"TCGA.EE.A29R"	1.67265276759667e-14	0.156003427246739	0.330970821778695	0.153127335027929	1.67265276759667e-14
"TCGA.EE.A29S"	0.0580719344934011	2.20197410678913e-14	0.323391955559223	2.20197410678913e-14	0.272056963235723
"TCGA.EE.A29T"	0.0602385025371795	0.163580056251365	0.0479071966006828	0.167580301595554	0.160958361096039
"TCGA.EE.A29V"	1.5013480998912e-14	0.0158414485127428	0.0813416931154874	0.136392835452578	0.101399629996865
"TCGA.EE.A29W"	0.0037943507011833	0.0997973783363429	0.356253842642305	0.0861720758033269	0.0974903151893271
"TCGA.EE.A29X"	0.364685865100612	1.68596580696723e-14	0.133188940654282	1.68596580696723e-14	0.148146314007739
"TCGA.EE.A2A0"	0.184884631588723	0.156500852937252	0.267576594346641	0.0794310408872005	0.0506094471876197
"TCGA.EE.A2A1"	0.241421354179981	0.366897091118272	0.190451023242636	0.0970969748526207	0.0522247703754183
"TCGA.EE.A2A2"	0.0503488453621974	0.0392933133544071	2.32832908980592e-14	0.217899655457315	2.32832908980592e-14
"TCGA.EE.A2A5"	2.10817097382853e-14	0.0367500407655586	0.274683510423139	0.0569822847079125	0.114076036021621
"TCGA.EE.A2A6"	0.294954197944248	0.0334288557877401	0.0933118074769052	0.110939950917957	0.104108070147821
"TCGA.EE.A2GB"	1.28155711048151e-14	0.081476839408918	0.0515368647113478	0.0494775383761088	0.189921525741914
"TCGA.EE.A2GC"	0.323048171539726	0.141144915840895	0.0704758111778408	0.0645533366628242	0.024746346203775
"TCGA.EE.A2GD"	0.0761450892913507	0.0506622090644853	0.483588430168207	1.34740002037341e-14	0.034974638700086
"TCGA.EE.A2GE"	0.275261358754579	0.0391139454660923	0.280493260339104	0.144882049568846	0.00753865894465108
"TCGA.EE.A2GH"	0.336632042393676	0.0705783643359451	0.0895357360719729	0.11292334286942	0.1045280184287
"TCGA.EE.A2GI"	0.41812289600822	0.116531901927649	0.0606478487041881	0.0913937572910733	0.117896167073962
"TCGA.EE.A2GJ"	0.168326383393276	0.12790284398129	0.183389277140476	0.0566978412271588	0.0720843487714995
"TCGA.EE.A2GK"	0.241288238951044	0.164977181760784	0.186102055875339	0.0970472310256506	0.0987193961071828
"TCGA.EE.A2GL"	0.198270601958415	0.11627859084049	0.175188238015473	0.167176722215008	0.155744341781037
"TCGA.EE.A2GM"	0.00430428390167367	0.254343834504301	0.0228378377535005	0.10219512851495	0.011542143644625
"TCGA.EE.A2GN"	0.00285411711168691	2.03037384411072e-14	0.29931412340826	0.0399296207581191	0.160595408670419
"TCGA.EE.A2GO"	1.35554465418693e-14	1.35554465418693e-14	0.110367767682097	0.0390128918270743	0.167549148415951
"TCGA.EE.A2GP"	1.33240360163646e-14	0.210604497121247	0.29778439774762	0.0976627697584613	0.0387322253514864
"TCGA.EE.A2GR"	1.5056342567269e-14	0.00882834855473749	0.0695537540432835	0.023408685458845	0.191047425059177
"TCGA.EE.A2GS"	0.0191676973273874	1.3880090733098e-10	0.102457228386266	0.146838776205837	0.194197741090894
"TCGA.EE.A2GT"	0.106952560784543	0.157915277501454	0.258873581199538	0.18810531848914	0.047792388241657
"TCGA.EE.A2GU"	0.428821786555209	1.32783035223216e-14	0.08081309244313	0.0697587732225142	0.194084120173768
"TCGA.EE.A2M5"	0.0465843075382983	0.00863048378933367	0.0279686864949004	1.14682523113902e-14	0.0175698097789345
"TCGA.EE.A2M6"	0.0569567179750777	0.0354964013771286	0.0664493543096873	0.200540269704468	0.143639209050009
"TCGA.EE.A2M7"	0.0106800355106176	0.137414590670499	0.332036681820254	0.165132741545629	0.0909088262249702
"TCGA.EE.A2M8"	0.615357924583465	0.0714921167012652	0.133743074409308	0.060032177433326	0.0598856328072636
"TCGA.EE.A2MC"	0.179274746067643	0.0650773476387554	0.105926545421111	0.11975576805961	0.0618471011651114
"TCGA.EE.A2MD"	0.00520929733048227	0.11667950700903	1.47308753574951e-14	1.47308753574951e-14	0.188821622588866
"TCGA.EE.A2ME"	0.432205323186196	0.195671161308964	0.181433575189851	1.02294911946554e-14	0.0885430779848425
"TCGA.EE.A2MF"	0.102430390936826	2.24716198219826e-14	0.136783575520647	0.131272946213127	0.0512332963537482
"TCGA.EE.A2MG"	0.131183400767961	0.210874084542245	0.339520711518385	0.0618171942519159	0.00547976914828894
"TCGA.EE.A2MH"	0.263855332955685	0.109819716738858	0.0955013120469074	0.00992568896999944	0.127379307566232
"TCGA.EE.A2MI"	0.0404622582067296	0.185370941716404	0.212872650698636	0.174898296384858	0.12535121423623
"TCGA.EE.A2MJ"	0.328977739795245	0.236768053533826	0.07416680909017	0.083166748978486	0.0847253085076638
"TCGA.EE.A2MK"	0.325295080787194	3.60127201192012e-06	0.250573371772847	1.68920946117575e-14	0.039224626953554
"TCGA.EE.A2ML"	0.211000551972257	0.0729140788049204	0.0810998843627852	0.0357903442860611	0.181547860505287
"TCGA.EE.A2MM"	1.12158188600646e-14	0.0549970996446076	1.12158188600646e-14	0.179674364594523	1.12158188600646e-14
"TCGA.EE.A2MN"	0.244576614804124	6.676447501686e-07	0.0830884044468744	0.0939913881035694	0.0698971201443833
"TCGA.EE.A2MP"	0.273703081665297	0.0943441490888427	0.111919505026885	1.86860840829464e-14	0.224606973784851
"TCGA.EE.A2MQ"	2.18919198966299e-14	0.00777566026980555	0.122539073406006	0.129454711485667	0.180319813355796
"TCGA.EE.A2MR"	0.267288857749435	0.0321499484029406	0.201984347359746	0.134827242137239	0.121957964526975
"TCGA.EE.A2MS"	0.0329676830212363	0.0557305457292589	0.0787163499511694	0.188357887404415	0.287973164615891
"TCGA.EE.A2MT"	0.0192710584906996	0.0448590150278312	0.0579143668634469	0.0961543938165422	0.136875494536811
"TCGA.EE.A2MU"	0.400753684573723	1.37871018484087e-14	0.140716072046045	0.00666514062135231	0.129336580123071
"TCGA.EE.A3AA"	0.153095919541942	0.130503771311532	0.238256646282009	0.104884405338414	0.0977113308455139
"TCGA.EE.A3AB"	0.0576885811884733	0.0862067171432531	0.125116182148194	9.55476483882932e-15	0.166699071348874
"TCGA.EE.A3AC"	0.185066739159672	0.0480302142503442	0.0926091470746459	2.41790357784629e-14	0.245723739301498
"TCGA.EE.A3AD"	0.000250067191102639	0.0240991993833007	0.0379605849902286	0.0963240278351679	0.195367209508737
"TCGA.EE.A3AE"	0.296707043801558	0.011511188442425	0.110226091783618	0.0387995929629589	0.191623800881736
"TCGA.EE.A3AF"	0.119858442086272	2.05140157632692e-14	0.11088863393911	0.0731927701453958	0.0657396814981197
"TCGA.EE.A3AG"	7.77544600378896e-15	0.0127632588071531	0.0190901839856186	0.170881079667593	0.0796671452356064
"TCGA.EE.A3AH"	0.0241480914666304	0.0652861687989475	0.0742207003204884	0.175251106313511	0.14453878233544
"TCGA.EE.A3J3"	0.0647770076522642	0.0230510411655188	0.398853017347017	0.027921677520757	0.16140364642618
"TCGA.EE.A3J4"	1.94779155096007e-14	1.94779155096007e-14	0.101825661485975	0.215425802533911	0.0603701532445253
"TCGA.EE.A3J5"	0.338124061644388	0.0471908870437968	0.124871272835274	2.62316974945796e-08	0.149269854726735
"TCGA.EE.A3J7"	0.024784485634977	1.64081422355574e-14	0.0451406580887717	0.179806379167292	0.300566735908997
"TCGA.EE.A3J8"	1.14412793937726e-14	0.0137628130660191	1.14412793937726e-14	0.0381530439758425	0.135395527647271
"TCGA.EE.A3JA"	0.134348816205399	0.103513040089402	0.0805820830535278	0.0222562169207207	0.0237998231886105
"TCGA.EE.A3JB"	0.00216664497555457	1.29698772777667e-14	0.255052745705456	0.0623849423007884	0.0264205491395961
"TCGA.EE.A3JD"	0.377941106867563	0.133265624293167	0.115885148257206	0.0358178911622507	0.027020692623855
"TCGA.EE.A3JE"	0.25316337614658	0.040034148453012	0.285820101522924	0.0272144786995615	0.0104282376114566
"TCGA.EE.A3JH"	0.604362677522554	0.0952704218568796	0.245133351802966	1.29058092895212e-14	0.0143073619556403
"TCGA.EE.A3JI"	1.3991437455793e-14	0.0997729387824255	0.044863719757549	0.0908291197506554	0.162512663411146
"TCGA.ER.A193"	0.317673457091077	0.113430446281421	0.321248485128355	0.0432793938590068	0.113713998018965
"TCGA.ER.A195"	0.2069946490799	0.268374002579834	0.106596767726799	0.139428845816905	0.0869545059128457
"TCGA.ER.A197"	0.119856262944819	0.0840622109175932	0.12362849171404	0.0783779983266304	0.183100619507075
"TCGA.ER.A198"	0.407883784166321	0.10560210450232	0.0217361467910954	0.0126079488393682	0.0938561868051104
"TCGA.ER.A199"	0.392215971165465	0.190789191651597	0.0535384943864563	0.0426864169781089	0.06834005507192
"TCGA.ER.A19A"	0.276906465044136	0.0476247728128229	0.283528241494473	7.82491913924785e-15	0.0672818615285637
"TCGA.ER.A19B"	0.0126523458553101	0.0471205036572556	0.0578746278736791	0.112005976423208	0.254525220848663
"TCGA.ER.A19C"	1.80998014636116e-14	1.80998014636116e-14	0.100401072144527	0.118679959564355	0.206052097299112
"TCGA.ER.A19D"	0.0438914093233441	0.0324721722385843	0.30330520558438	0.115594600868118	0.100056645309967
"TCGA.ER.A19E"	1.69905401871192e-14	0.127844749363219	0.134999041409705	0.138037480182664	0.0751080630266099
"TCGA.ER.A19F"	2.5277445965859e-14	2.5277445965859e-14	0.0536453803956937	0.0170926190557082	0.110052490886977
"TCGA.ER.A19G"	0.661350175229609	0.0155582452196776	1.26586134112273e-14	0.0689151610649055	0.0422985525780897
"TCGA.ER.A19H"	0.245295525846862	0.141879222920977	0.220304804949487	0.12112731611379	0.112562092285652
"TCGA.ER.A19J"	0.0411787240335652	0.120141453949866	0.317169499817869	1.52982025238194e-14	0.139393552223357
"TCGA.ER.A19L"	1.69840536803566e-14	0.0614231742545907	0.245990832911425	0.0482154655047736	0.26562190024611
"TCGA.ER.A19M"	0.38179473016759	0.0366729737706592	0.148103818860136	1.62387142292724e-14	0.0685841477845847
"TCGA.ER.A19N"	0.475590561633922	0.0282584022876786	0.262314544818285	0.0266343159135682	0.0475906263228297
"TCGA.ER.A19P"	0.266187912455664	0.218441209133474	0.0972898058628368	0.116780670265139	0.0748402809831883
"TCGA.ER.A19Q"	0.252859278087399	0.0890898469245585	0.17138500124494	0.0766390708089121	0.14595654917956
"TCGA.ER.A19S"	0.75724205575021	0.00180604646748914	0.0459424981736444	0.0374772051198538	0.0299819102208288
"TCGA.ER.A19T"	0.000131665739188596	1.71072852746561e-14	0.142560003180345	0.055842160349979	0.142805123425766
"TCGA.ER.A19W"	0.604904811447107	0.0561170209126496	0.109131083314118	0.0101064577709666	0.119256892764722
"TCGA.ER.A1A1"	0.157699551813741	0.279569446660052	0.168590644084916	0.0151047783340196	0.109971550943216
"TCGA.ER.A2NC"	0.0855680132173677	0.0130552602837548	0.539704674852699	0.121430362696893	0.0836946363432778
"TCGA.ER.A2ND"	0.0158028434374052	1.37242360962048e-14	0.0394789149424834	0.227961861429273	0.194233741970093
"TCGA.ER.A2NE"	1.11840770134763e-14	0.412220831826894	0.00424344397346103	1.11840770134763e-14	0.0948184692220822
"TCGA.ER.A2NF"	0.0644578650035043	0.000529044937618969	0.0318668153329102	0.014834459335204	0.19501952370905
"TCGA.ER.A2NG"	0.622263768348848	0.0417218638987853	0.0221731455836081	1.22498802129392e-14	0.0154402047341342
"TCGA.ER.A2NH"	0.368907573266409	0.0246782690463732	0.0943565292384855	0.139200800789828	0.0401302356702601
"TCGA.ER.A3ES"	1.29035631478415e-14	1.29035631478415e-14	0.0175591798328952	0.0486237743336415	0.12017233426726
"TCGA.ER.A3ET"	1.13216595393964e-14	0.0712058152867007	0.235480359782326	0.10353537047401	0.116407574488623
"TCGA.ER.A3EV"	0.00809572083596828	0.0393890190106029	0.0575086730055067	0.0378195316278689	0.138302475257611
"TCGA.ER.A3PL"	0.119633122637375	1.27309402149595e-06	0.21072233460726	0.0420126969397187	0.083998165663961
"TCGA.ER.A42K"	1.63012424601565e-14	0.00239541439142558	0.147173030706722	0.109840088577005	0.0291580553348812
"TCGA.ER.A42L"	0.0996928923927042	0.236393848418511	0.0333386419794877	0.0112706570149199	0.0423013001454283
"TCGA.FR.A3YN"	0.0664906664471561	0.0885384602716104	0.0174420443007025	0.078752677763365	0.159302985420637
"TCGA.FR.A44A"	0.716948489884406	0.0500975978384246	0.0332603205571844	0.0142436646819698	0.0468728972841407
"TCGA.FR.A69P"	0.00526577131664675	0.191858083408895	0.310223318728767	0.121677073511639	1.36034909030862e-14
"TCGA.FR.A729"	0.33122435451971	0.00502314483278442	0.166824705338305	0.201284027621222	0.0680457909263183
"TCGA.FR.A7U8"	1.57058778286034e-14	0.135144566591571	1.57058778286034e-14	0.200595167455056	0.0300512894222439
"TCGA.FR.A7U9"	0.100986390820669	0.069294419936941	0.281457542122005	0.0849819553608089	0.0286039620436577
"TCGA.FR.A7UA"	0.335965071010249	0.0858431584099645	0.0336620873685208	0.0312123813623177	0.0429831326005068
"TCGA.FR.A8YC"	0.0462880075311203	0.185249205975443	0.0179010940392569	0.250889084812644	0.0686503257274556
"TCGA.FR.A8YD"	1.37441858142201e-14	0.132645100922677	0.00996946065706869	0.060193472598314	0.143054700958453
"TCGA.FR.A8YE"	0.0720957850495652	0.141862278817859	0.12682716087221	0.0941428820676637	0.0309460234947902
"TCGA.FS.A1YW"	0.0024762013368986	0.143324579565657	0.0506566929026356	0.0785784117041152	0.0800938904303232
"TCGA.FS.A1YX"	1.40376053164631e-14	1.91962010496716e-07	0.268254922671388	0.0732681984137015	0.134402745375835
"TCGA.FS.A1YY"	1.86911623169347e-14	0.12897923552214	0.182890418201254	8.33159248818072e-10	0.0925720356882463
"TCGA.FS.A1Z0"	0.435559130225669	0.164958317265032	0.0684476633678546	0.109354108055535	0.0415241733940426
"TCGA.FS.A1Z3"	1.55470273158951e-14	0.0678820512917498	0.0234321082853061	0.131051519824361	0.139174905903872
"TCGA.FS.A1Z4"	0.408378530891542	0.203791959343082	0.206451614949257	0.0688637948538078	0.0257292397927906
"TCGA.FS.A1Z7"	1.25958837491645e-14	0.184655597803736	0.435486727828454	0.0980617949840294	0.114152503158832
"TCGA.FS.A1ZA"	0.0398326036743929	0.0746950681774436	0.0948523967436419	0.044607083893665	0.216455887866108
"TCGA.FS.A1ZB"	1.2904884260709e-14	0.112634853530785	0.375795788041265	0.0807737024522216	0.0572379454055673
"TCGA.FS.A1ZC"	1.29650724067339e-14	0.0496866925446784	0.0479961865087016	0.141762991494789	0.188989928778112
"TCGA.FS.A1ZD"	0.212514711803272	0.10053745858361	0.0698422243223667	0.165777520021313	0.133083594770973
"TCGA.FS.A1ZE"	1.98209618683073e-14	1.98209618683073e-14	0.166991541886766	0.0220512018872939	0.0983213180749805
"TCGA.FS.A1ZF"	1.33681630813214e-14	1.33681630813214e-14	0.0980029683490039	0.415010904985866	0.0788986391931477
"TCGA.FS.A1ZG"	1.69762774511656e-14	1.69762774511656e-14	0.0935408538435155	1.69762774511656e-14	0.135918535038282
"TCGA.FS.A1ZH"	0.136069188964058	0.0779653018278753	0.431113129046127	0.107161491094645	0.108662395416589
"TCGA.FS.A1ZJ"	0.00976966297507052	1.16622089224034e-14	0.0477572546463036	0.201666530225778	0.109295867055204
"TCGA.FS.A1ZK"	1.59519967686595e-14	1.59519967686595e-14	0.0496889136149581	1.59519967686595e-14	0.360855240406614
"TCGA.FS.A1ZM"	0.232280136351339	0.0319149411283292	0.188804564528945	0.15130192179073	0.0866058722893779
"TCGA.FS.A1ZP"	1.64243502313751e-13	0.150752577224387	0.166242503117227	0.138063767222924	0.0919196970963492
"TCGA.FS.A1ZQ"	1.25351448477924e-14	0.0689513953140558	0.1300181621677	0.105959316148931	0.30401312123458
"TCGA.FS.A1ZR"	0.0223226462485597	0.0686611337750224	0.215220852503115	0.206895269668778	0.16560278517179
"TCGA.FS.A1ZS"	1.17661115498321e-14	6.60690634517783e-14	0.260672081988214	0.0525002053283503	0.00810016182970841
"TCGA.FS.A1ZT"	0.312566126491708	0.155412277504095	0.158297167790832	0.0399369769722834	0.0085995752887758
"TCGA.FS.A1ZU"	1.7001462693903e-14	1.7001462693903e-14	0.0378851013980536	0.00697286605983542	0.0965221368545158
"TCGA.FS.A1ZW"	0.312705514059501	0.0869423008441461	0.0186229770630338	0.0112409597598765	0.0386631266578018
"TCGA.FS.A1ZY"	1.58425730985176e-14	0.00760703664797579	0.0801859570032042	0.0298389326266728	0.0865332362258606
"TCGA.FS.A1ZZ"	1.46332732145723e-14	0.00739269017482889	0.0072985930133914	0.0765815743813951	0.0882740144447512
"TCGA.FS.A4F0"	1.28914117260054e-14	1.28914117260054e-14	0.0202863369260864	0.21813724972525	0.0813610446597344
"TCGA.FS.A4F2"	1.76492152129744e-14	0.0243341333656333	0.0287176707302632	0.0531659856420364	0.262223494859935
"TCGA.FS.A4F4"	0.0358341534189306	1.85094471065568e-14	0.263547082560928	0.282582107501309	0.138287764367105
"TCGA.FS.A4F5"	0.016209762647194	0.077241859113502	0.0484159535683349	0.285396029634497	0.154838152046251
"TCGA.FS.A4F8"	0.205679563948594	0.239481555679194	0.289036081584981	0.129336556405197	0.0584142634462959
"TCGA.FS.A4F9"	1.48004135723957e-14	1.48004135723957e-14	0.0281902563906564	0.0345683171000339	0.237345723598292
"TCGA.FS.A4FB"	1.35890547054653e-14	2.44192630175551e-12	0.055465658710708	0.308693768546344	0.119332026523688
"TCGA.FS.A4FC"	0.00640461362578208	0.0790563700471959	0.0674613950662516	0.0654877621780286	8.71720217107239e-15
"TCGA.FS.A4FD"	1.64383535951044e-14	0.0594722552647471	0.120198875792857	0.246737991219248	0.132413095963744
"TCGA.FW.A3I3"	3.44846113096058e-14	9.70228097203263e-15	0.0280531383873871	0.0571652121539385	0.0976637789733883
"TCGA.FW.A3R5"	0.0016385610938504	0.0300715332111959	0.19874080665417	0.166002693053932	0.057153754411305
"TCGA.FW.A3TU"	0.00301589919496123	0.122908108389137	0.0176847593676538	3.62238397047195e-13	0.251432523917049
"TCGA.FW.A3TV"	0.0374686843049594	0.0331332900465193	0.0919887795384748	0.0205338939651479	0.241929005514688
"TCGA.FW.A5DY"	0.0857350605998764	0.0769629131657634	0.0924406675746666	0.0596242265458038	0.093067103963259
"TCGA.GF.A3OT"	0.0191286205030632	0.00701123333854875	0.229292133075432	1.02561789508363e-14	0.0529713848847108
"TCGA.GF.A4EO"	0.651634865452586	0.0743124193367078	2.4349719106325e-05	0.0503178512537766	7.18098692014295e-10
"TCGA.GF.A6C8"	0.104187812258865	0.044579403094905	1.07883631907696e-14	0.186132970617406	0.0902114476755514
"TCGA.GF.A6C9"	0.0805768671799796	4.62214582642331e-15	0.05085806559727	0.0447961975778897	0.0348308054193922
"TCGA.GN.A262"	1.06738419971564e-14	1.06738419971564e-14	1.06738419971564e-14	0.163379534213655	0.0550285507034441
"TCGA.GN.A264"	0.137046247925675	0.0343425228585503	0.158154647379106	0.0529390492411856	0.155284279345878
"TCGA.GN.A265"	0.18816927736359	0.120292655514277	0.391491885376875	1.21118290451366e-14	0.0934827538346715
"TCGA.GN.A266"	0.22418919647726	1.24127631554227e-14	0.288926901947991	0.171914502738949	0.0422229043600613
"TCGA.GN.A267"	2.09124447407733e-14	2.09124447407733e-14	0.0884821534946413	0.303799686055601	0.0591293629199695
"TCGA.GN.A268"	1.81441442284508e-14	0.00275429287350565	1.81441442284508e-14	0.0970989372043356	0.0511221272978825
"TCGA.GN.A26A"	0.106450279418704	0.0307880500022147	0.259328636375922	1.06021673861444e-14	0.137399030942837
"TCGA.GN.A26D"	0.00249047021468564	3.03623733792706e-07	0.0663920384072607	1.55517498126186e-14	0.167474474034282
"TCGA.GN.A4U3"	1.57925176138271e-14	0.0723187930634409	1.57925176138271e-14	0.162974130063772	0.0309420949612677
"TCGA.GN.A4U4"	1.86699519470857e-14	0.220856774421052	2.91668967952121e-07	0.0261251051028802	1.86699519470857e-14
"TCGA.GN.A4U7"	1.35651635185414e-14	0.0173519717123638	0.0223543013073173	0.0104250154696357	0.168195053705139
"TCGA.GN.A4U8"	0.472566494145774	0.0598393228782226	0.0361692621437252	0.0485656246463733	0.0784060756496679
"TCGA.GN.A4U9"	1.03944197440281e-14	0.0562348348636569	0.0899814473037701	0.14014913340368	0.172415527044331
"TCGA.GN.A8LK"	1.40114257109433e-14	0.000750111850363971	0.00947938629742355	0.048267146519167	0.159762292210409
"TCGA.GN.A8LL"	0.00087783907059283	0.0966755526249018	0.0391031777898852	0.223522028790083	0.313027543993355
"TCGA.GN.A9SD"	0.0798890072463297	0.420589063116808	0.108574003652047	0.158430512792689	0.0996241096137768
"TCGA.HR.A2OG"	0.14020722994708	2.45707188530644e-14	0.237195023736703	0.125272376650243	0.0912687076381664
"TCGA.HR.A2OH"	0.638069346741979	0.0632809708923583	1.08933494986226e-14	0.0228319342913438	0.0739326223914247
"TCGA.LH.A9QB"	1.65161185766892e-14	0.0591233190273452	0.124317111350609	0.0471727415554227	0.0860304636467144
"TCGA.OD.A75X"	0.0743178452520165	0.11666300441541	0.0212027192050965	0.125365541372974	0.0909875233178583
"TCGA.QB.A6FS"	0.301808975504578	0.0238576526201525	0.163036897195506	0.0963003790452322	0.0433640880956989
"TCGA.QB.AA9O"	0.143107745865878	0.0319492642906877	0.040660637178651	0.0916622769101968	0.173637708239883
"TCGA.RP.A690"	1.23819842671055e-14	0.0799624075140982	0.104446711205286	0.131379300216802	0.125017201764451
"TCGA.RP.A693"	0.19536327131523	0.201475038390277	0.0911941848116862	0.266685623764204	0.0207473480727499
"TCGA.RP.A694"	0.0888804167334784	0.300682112489438	0.0254576096678848	0.097280169480226	0.0314173925871592
"TCGA.W3.A824"	0.237281048892421	1.55290815214584e-14	0.0617931562022571	0.292101134556308	1.55290815214584e-14
"TCGA.W3.A825"	0.0877045320275756	0.22888981931414	0.132794041168177	0.186813184080515	0.107562073637759
"TCGA.W3.A828"	1.51061143102128e-07	0.142887256669922	0.0630439856743906	0.0223387109762299	0.0304859151440667
"TCGA.W3.AA1O"	2.0085028114073e-14	2.0085028114073e-14	0.0425720292285256	0.217102832858337	0.0574601881252647
"TCGA.W3.AA1Q"	0.00354440772645365	2.29968388693054e-14	0.101500067349018	0.075470973043399	0.0470248489700715
"TCGA.W3.AA1R"	0.0730643050811051	0.031601211471607	1.6933858311242e-14	0.076969563008217	0.149496384131568
"TCGA.W3.AA1V"	0.0722505114783039	0.212543993057425	0.0814453019990509	0.0696485244282629	0.0136885207162993
"TCGA.W3.AA1W"	0.727076314777346	1.11207009039585e-14	0.0254768546741514	0.115743828900395	0.0733178045351004
"TCGA.W3.AA21"	0.00555765307576435	0.00732166407608451	0.0507225814676024	0.0412406018162533	0.138983089672386
"TCGA.WE.A8JZ"	1.49004731203565e-14	0.107771122499019	0.101995043078404	0.119700431755433	0.267101192489282
"TCGA.WE.A8K1"	0.482391717289449	0.067181450276787	0.00708978421187041	0.0668848405500163	0.131327837500822
"TCGA.WE.A8K5"	0.0189500960910714	0.0427324568082893	0.204295437541354	0.32412216308201	1.87991761525454e-14
"TCGA.WE.A8K6"	1.48439067992304e-14	0.00284458652792053	0.156137025404789	0.295972431144129	0.0923779835281225
"TCGA.WE.A8ZM"	3.35886868712035e-15	0.0155149498338632	0.039496546754441	0.0376199148731811	0.0893044391921796
"TCGA.WE.A8ZN"	0.315849751586663	0.0192901132943206	0.327266518253638	0.13326750882432	0.0253933908881714
"TCGA.WE.A8ZO"	0.161893105523323	0.0266753451718126	0.0706721194223364	0.119859544252839	0.132371518573931
"TCGA.WE.A8ZQ"	1.01979939292479e-14	0.0671643015741779	0.0512898891652541	0.154961403393025	0.327589812193938
"TCGA.WE.A8ZR"	0.0232494896479121	0.0760187543354496	0.0677051412725599	0.0373624360488373	0.249589053653721
"TCGA.WE.A8ZT"	1.39086786182555e-14	1.39086786182555e-14	0.0743070717818909	0.0957932775065572	0.0112234199491858
"TCGA.WE.A8ZX"	0.121405827613444	7.65916556377832e-05	0.0205778069612774	0.191695556746175	0.0777784713645846
"TCGA.WE.A8ZY"	1.57118401027273e-14	0.0599484440747052	0.0977154282347776	0.112121913990994	0.221711410901965
"TCGA.WE.AA9Y"	0.0189145522585632	0.0880257941096218	0.541356213011507	0.0678916638708435	0.171615294434482
"TCGA.WE.AAA0"	0.0303464047187422	0.146722654565043	0.0807680988999515	0.0282134561875458	0.150135832527547
"TCGA.WE.AAA3"	0.17185709037764	0.114933637416924	0.40813131213433	0.00709544591629821	0.0875053010937765
"TCGA.WE.AAA4"	0.585030724563929	0.0297567314740204	0.0896104356734191	0.100594313015763	0.0201533823623576
"TCGA.XV.AB01"	1.65266069886818e-14	1.65266069886818e-14	0.13341809013031	0.284761195075757	0.123683625221582
"TCGA.YD.A89C"	1.26103944439806e-14	0.0136042285659548	0.0418411265452792	0.0545512213248074	0.0600636162805262
"TCGA.YD.A9TA"	0.0613241129848296	0.176405960546174	0.0529197034606436	0.0460902342718352	0.0372970382483824
"TCGA.YG.AA3O"	0.00261569636006007	0.0692326803393354	0.0943203562283033	0.0449095637415988	0.219631753095631
"TCGA.YG.AA3P"	1.41198316219583e-14	0.0142095494189151	0.00738118325193606	1.41198316219583e-14	0.20020410933954
"TCGA.Z2.A8RT"	0.200022821791351	1.40285893268665e-14	0.0871120775297588	0.145132279290855	0.118273289459608
"TCGA.Z2.AA3S"	0.0168739288427328	0.00969471672438362	0.0232049927606551	0.436149307411072	0.0573617638865817
"TCGA.Z2.AA3V"	0.433352333756441	1.13901469644192e-14	0.0635306408985444	0.14178676789382	0.125701455592039
