"ID"	"S01"	"S02"	"S03"	"S04"	"S05"	"S06"
"TCGA.3N.A9WB"	0.00575033533298337	0.00601228049554503	0.0183114042139268	1.44179887750762e-14	3.31227963576227e-06	0.0603691512750407
"TCGA.3N.A9WC"	0.116371481058491	0.274402372197414	1.42041391805178e-14	0.233657917312715	0.0641111766474407	0.0957375028905205
"TCGA.3N.A9WD"	0.111088726520058	1.27662341425389e-14	0.096129287630988	1.27662341425389e-14	0.0647642311961728	0.000620413882389819
"TCGA.BF.AAP0"	0.260060332651046	0.216699813678303	0.0368838108023265	0.0927698615151957	0.0113713788850586	0.0150889359990085
"TCGA.D3.A1Q1"	0.00152143576834169	1.15252802410038e-14	0.0286758295187792	0.0323980133312583	0.124437747594355	0.0757336294360066
"TCGA.D3.A1Q3"	0.166867942482231	0.156390648229668	0.115575715678108	0.000176340573707907	2.47843060321235e-06	0.208266741762744
"TCGA.D3.A1Q4"	0.0399924930665701	1.34173920062036e-14	0.2589343950283	0.00731778695944991	0.10899086869633	0.124815654906148
"TCGA.D3.A1Q5"	0.00759757461832899	5.38567828324669e-15	0.411474919420592	0.034782404323128	0.0782311438357584	0.0294353711530235
"TCGA.D3.A1Q6"	8.93411346316084e-15	0.00056872011278612	0.0120946330691058	0.125250019302141	8.93411346316084e-15	0.126164931354084
"TCGA.D3.A1Q7"	0.21119257676047	0.310467399813104	0.0200571435172674	0.00781758670390671	0.158316618474719	0.0793120264675085
"TCGA.D3.A1Q8"	0.0638781837348608	0.0860055616232881	0.0724403711468302	0.00099624163651298	0.160096970760553	0.100532051495008
"TCGA.D3.A1Q9"	0.0678136022790359	0.00264298736459109	0.0314175744527036	0.0835026799528543	0.0689175084739272	0.31035806838882
"TCGA.D3.A1QA"	0.0283267979142887	1.62197178341564e-14	0.0210714541687187	0.0105430480891336	1.62197178341564e-14	0.209892731166279
"TCGA.D3.A1QB"	0.158190605036871	0.228413114255329	0.153026483118159	0.00915996817730992	1.20105077231313e-14	0.0474745237044986
"TCGA.D3.A2J6"	0.0367286353772974	0.00775012797413427	0.0214929532364045	0.0638770516002528	1.59127156931684e-14	0.226129367548907
"TCGA.D3.A2J7"	0.106110592158733	0.0842707082971148	0.0387952724585946	0.0148568288866539	0.0920708081896017	0.214675558093383
"TCGA.D3.A2J8"	0.185667929156502	0.312739270143481	1.54879945174585e-14	1.54879945174585e-14	0.0620576109923248	0.0216663896735126
"TCGA.D3.A2J9"	0.255613062871932	0.379024068641163	0.00144499834136264	0.0149911442941498	0.0409516861939347	1.11522754335876e-14
"TCGA.D3.A2JA"	9.94736854289706e-15	0.15062370899756	0.161426993153679	0.0191470380072227	0.0581251069224918	0.0559051994378636
"TCGA.D3.A2JB"	0.404337250239177	0.175838222915793	0.0641308885910607	0.0403097912762215	0.0238530510322114	0.0175386467454775
"TCGA.D3.A2JC"	0.0416108231290777	0.185149504895927	0.0463202546715503	1.89596991916565e-14	0.00431495243523775	0.15764429414171
"TCGA.D3.A2JD"	0.277245785208429	3.52160104238081e-06	0.0598877218321963	0.052912200558739	0.00230520051300788	0.106182027329429
"TCGA.D3.A2JE"	0.00833481269829836	1.2737551604814e-14	0.141683264100613	0.136350047987893	1.2737551604814e-14	0.0531589571420732
"TCGA.D3.A2JF"	0.173709832510588	0.0622712094612812	0.00476077937867717	0.0415311799891833	0.0157129537867765	0.0503608196335873
"TCGA.D3.A2JG"	0.00478071892153639	1.73546241631991e-14	0.0721411969829952	0.00606008860753164	0.0480211905000203	1.73546241631991e-14
"TCGA.D3.A2JH"	0.0426689871490281	0.279989502700987	0.0733991310660148	0.0823434290334141	0.0362471746126593	0.0288186425299924
"TCGA.D3.A2JK"	0.0101777677463171	0.00203802216416402	0.0134212240997989	0.0577206000101605	0.00494996029062437	1.63227663411781e-14
"TCGA.D3.A2JL"	0.163935043336822	0.141297515825257	0.0624602746636023	0.0252769262540602	2.18909230705929e-14	0.0609038123938096
"TCGA.D3.A2JN"	0.163702034661887	0.00909275649672533	0.0922341746213874	0.1148794996509	1.18398155032918e-14	0.101340306079596
"TCGA.D3.A2JO"	0.138916064160958	0.251580766416957	0.0874119060137369	0.0118829494075831	1.19287483553427e-14	0.107198335656501
"TCGA.D3.A2JP"	0.0232115599027285	0.0856919909651408	0.0234874619657644	0.11457302599334	0.0196011395337994	1.49101802236978e-14
"TCGA.D3.A3BZ"	0.124514441804879	0.10651258933271	0.134466172928644	0.0830476297996142	1.07232857116184e-14	0.182547769734652
"TCGA.D3.A3C6"	0.00113055445593296	1.35860405185573e-14	0.0171446074686514	0.0393976944024024	0.155704462424343	0.237097121342226
"TCGA.D3.A3C7"	0.0312444323588317	0.154992899085182	0.00138421663048923	0.0711284262270377	0.0340357560321318	0.0660710781686239
"TCGA.D3.A3C8"	0.0877963370822029	0.39449440912811	0.0697716206238945	0.0366696668197503	1.00469958629097e-14	0.0379707345715119
"TCGA.D3.A3CB"	0.24932932637962	0.254502413763022	0.0331269720601254	0.0142837892408255	0.100857636640505	0.00187124382048112
"TCGA.D3.A3CC"	0.0255772415622785	1.2172515436403e-14	0.026729912854235	0.0549630138595657	0.0167137812606107	0.303859860820237
"TCGA.D3.A3CE"	0.233893190169263	0.106484184647578	0.0330401915185418	1.02997190743164e-14	0.248475041412063	0.0462728864722084
"TCGA.D3.A3CF"	0.278785678563481	0.24660998161474	0.0204622540370727	0.0232256729637887	2.06677855243983e-12	0.157509356982104
"TCGA.D3.A3ML"	0.00266773494924712	0.0173428701535102	1.33128099810765e-14	0.00886621758871289	0.0469134097424435	0.0368549713572881
"TCGA.D3.A3MO"	0.0015378724011635	5.08823166514202e-07	0.148950805690967	0.0292188820056877	0.0908774391826885	0.117090601985041
"TCGA.D3.A3MR"	0.273752715674955	0.140930074519769	1.25261835498022e-14	0.141030052781633	0.0501386321314828	1.25261835498022e-14
"TCGA.D3.A3MU"	0.0404961721443777	0.0112068893640475	0.0913262010622076	3.66008319128858e-05	0.0756936126346858	0.0968185010884993
"TCGA.D3.A3MV"	1.16266922832966e-14	0.0202699025414806	0.0697525611846229	0.0697265373906388	0.000431804222523118	0.14914333365042
"TCGA.D3.A51E"	0.0996017809479633	0.210808989071415	0.0515579745424975	1.70095304591097e-14	1.70095304591097e-14	0.0761011339701182
"TCGA.D3.A51F"	0.138497474850356	0.385703954739253	0.0611545039289825	0.0365384546515138	0.0281098527456737	0.0438182770644727
"TCGA.D3.A51H"	0.219215580403961	0.129266301863377	0.0944636424311835	0.0833937953081221	0.00833962777439878	6.09194685223771e-15
"TCGA.D3.A51J"	0.111718633409891	0.237321626270115	0.0019978326594121	0.0848187577883877	0.0409145468675218	0.0805307946564573
"TCGA.D3.A51K"	0.0777370604955001	1.26329873668119e-14	0.0285340054478465	0.103862754414377	1.26329873668119e-14	1.26329873668119e-14
"TCGA.D3.A51N"	0.0648055080251763	0.163443852508239	0.0220437528268232	0.00223529774803808	0.0324889072081735	0.0648780055277427
"TCGA.D3.A51R"	0.000447005367940475	6.37002178001315e-15	0.178163756210023	0.192259637544748	0.025547962626637	0.0126794266846614
"TCGA.D3.A51T"	0.0504705848773067	0.0409998988388491	0.0648723872234835	0.285906826279373	1.31251074355848e-14	0.103218816178858
"TCGA.D3.A5GL"	0.00985841946351064	0.00832370727277762	0.0314891636843262	0.0459152121071237	1.67855534273697e-14	0.0891669420410975
"TCGA.D3.A5GN"	0.0464839230543309	0.0444484751129002	0.0737948266799586	0.0617758127119986	0.0356736882411198	0.0977188617058103
"TCGA.D3.A5GO"	0.0155660477103379	0.0201016610751152	0.0906360805822303	0.105861667083259	1.71510764251017e-14	0.0485182939237889
"TCGA.D3.A5GR"	0.340583558206551	0.175794585079297	0.040283491094201	0.0514438660986848	0.0399318199821768	0.0469972728279034
"TCGA.D3.A5GS"	1.85762464235288e-14	0.117823906121582	0.0347181240467689	0.0841825218539449	0.119461098970138	0.142843486769192
"TCGA.D3.A5GU"	2.16240085321026e-14	0.128916948908942	0.032907234323185	0.0940866355341341	0.110513455157994	0.0392327418607018
"TCGA.D3.A8GB"	0.255795187479174	0.122607522427828	0.0393514543119318	0.106598611982389	0.0842720468653451	1.6344694064286e-14
"TCGA.D3.A8GC"	0.0750479092893571	0.04102295093939	0.0918230042515848	0.00576199299527786	0.015800137328355	0.210522431533474
"TCGA.D3.A8GD"	0.28123701047169	0.301149576064254	0.0659904603863073	1.16443928566905e-14	1.16443928566905e-14	0.0625315990154134
"TCGA.D3.A8GE"	5.00745192048833e-14	0.112884941970867	0.155823405755388	0.100903980398418	0.040429430840285	0.0612950772212777
"TCGA.D3.A8GI"	1.52360156524675e-14	1.52360156524675e-14	0.051931242984577	0.119478659494998	1.52360156524675e-14	0.0483607119171512
"TCGA.D3.A8GJ"	0.137542175813385	0.261631413479821	0.0134287897462018	0.0888903419617188	0.0677702903151933	0.0149646598455006
"TCGA.D3.A8GK"	0.00680024518188582	1.39823677665426e-14	0.110007857293275	0.00401127645275969	1.39823677665426e-14	1.39823677665426e-14
"TCGA.D3.A8GL"	0.0146285649132191	6.35487244096157e-07	0.00845379857015872	1.26792694499985e-14	0.0388622463305513	0.1730807227465
"TCGA.D3.A8GM"	0.127392554902467	0.0770846421741253	0.090805736306057	0.01660307037726	0.035539701742957	0.303740816143183
"TCGA.D3.A8GN"	0.189990587776696	0.0492562747272413	0.01708070594841	0.430375122974637	0.0568009711268449	0.0122284263754478
"TCGA.D3.A8GP"	0.00998835200916681	1.44451880747776e-14	0.00122864211680278	0.0657628121561909	0.0714576286004783	0.0685087992884427
"TCGA.D3.A8GQ"	0.0624322665716771	1.33570199857888e-14	0.217361507702899	0.0887514402125732	0.0703733201888333	0.0195226330146335
"TCGA.D3.A8GR"	1.09109658531221e-14	0.035765677809588	1.09109658531221e-14	0.1647238128132	1.09109658531221e-14	1.09109658531221e-14
"TCGA.D3.A8GS"	0.195841346851821	0.147233266366632	1.2761893071362e-14	0.0787173179574326	0.123081093358026	1.2761893071362e-14
"TCGA.D3.A8GV"	0.012192897331894	1.54634157439223e-14	0.0470349534215223	0.0297848340199605	0.0739620974387738	0.0408226314279337
"TCGA.D9.A148"	0.0614505829564769	0.0398390879378825	0.0495397926885446	0.0128679927675067	1.96714791070642e-14	0.200715214527191
"TCGA.D9.A149"	0.0725684359053557	0.206461591147946	1.75070382391584e-14	1.75070382391584e-14	0.0883801257000432	0.197761837045527
"TCGA.D9.A1JW"	0.217021704676563	0.170183159994259	0.11584531317612	0.00498373057107237	1.74192909235358e-14	0.101315388932046
"TCGA.D9.A1JX"	0.0702454441179929	0.232583648569672	0.0482580866824255	0.0860157390195729	0.00759109787034444	0.100155440424286
"TCGA.D9.A1X3"	0.00822104502824994	0.0094901932243154	0.06724562984379	0.0309358382369693	0.104467547514606	0.145160013113367
"TCGA.D9.A3Z1"	0.184490813710435	0.250580568613517	0.00546822194387403	0.01676374314116	1.55128662506831e-14	0.145431725476687
"TCGA.D9.A3Z3"	0.346557834737181	0.114780954459885	0.016040538488357	0.045967387529563	1.54475381655299e-14	0.162294546966392
"TCGA.D9.A4Z6"	0.0058101187932378	0.00157408504660399	0.151897051764432	0.0464628443627594	0.0320478705957577	0.0386651073197621
"TCGA.D9.A6EA"	0.00755390291205708	0.000292066736635836	0.061186525271562	0.0391323431027126	0.0320271154419806	0.169597352038611
"TCGA.D9.A6EC"	0.0361229832059358	1.48182038575741e-14	0.0141507219796269	0.0495021958575019	0.0161091207476118	0.217073598150977
"TCGA.D9.A6EG"	0.00644047684323192	1.20266450828762e-14	0.0285242871546089	1.20266450828762e-14	1.20266450828762e-14	0.0887559881795507
"TCGA.DA.A1HV"	0.0840432981139823	0.204238174962022	0.00454997625581311	0.14037532317218	0.0144887914674978	0.0937040446174185
"TCGA.DA.A1HW"	0.184306009818615	0.193092130814432	0.0517013214299004	0.197109431147812	0.116482703223831	0.0727946984391734
"TCGA.DA.A1HY"	0.00111614625307285	1.39710843324461e-08	0.063129600904593	0.0400567556007864	6.80079778263819e-14	0.187312128793656
"TCGA.DA.A1I0"	0.0979526710659974	0.0430911313678247	0.00280748088212199	0.0317209515174107	2.12725676257483e-14	0.0638190469004358
"TCGA.DA.A1I1"	0.100705978785659	0.231316435079232	0.0316056466237786	0.0545463415566678	0.0135816126772396	0.107024672700375
"TCGA.DA.A1I4"	0.00463391964882263	0.0944199916329659	0.00125521917450956	0.122572837911911	0.0674065286337683	0.0044510057942674
"TCGA.DA.A1I5"	0.0944536884225977	0.185060051606792	0.0371120377775253	0.101545037828215	1.2589608077764e-14	0.013838914452926
"TCGA.DA.A1I7"	1.73615792138537e-14	1.73615792138537e-14	0.0805638483427654	0.00129574915944343	1.73615792138537e-14	0.188680570931162
"TCGA.DA.A1I8"	9.19198443882276e-15	0.0582942663756272	0.148299914905719	0.127230547498419	3.1931515709517e-08	0.130869157874781
"TCGA.DA.A1IA"	0.0125634738435412	1.28832368503727e-14	0.0112298411401075	1.28832368503727e-14	0.020777364954625	0.040282989932805
"TCGA.DA.A1IB"	0.26123289812158	0.185316484754552	0.0742438939204623	0.00472447290581559	6.85048437771129e-15	6.85048437771129e-15
"TCGA.DA.A1IC"	0.0145614295234251	0.00182143432519151	0.0129143315808093	0.00383389473650287	1.68652505666825e-14	0.120226441409237
"TCGA.DA.A3F2"	0.231974955808327	0.168239047982788	0.0216539973436283	0.073123909610661	0.00222563186255788	0.00419968492908961
"TCGA.DA.A3F3"	1.73097646414554e-14	0.0186594645172735	0.0224278505935341	0.0773451431145665	0.153519002503181	0.142635325119383
"TCGA.DA.A3F5"	1.44680757261016e-14	0.0161159314748014	1.44680757261016e-14	0.0575075976080565	1.44680757261016e-14	0.180767894457855
"TCGA.DA.A3F8"	0.198138524792852	0.340785565597447	0.0386091958614986	0.0337903175371255	0.144612561562332	0.0874471696991715
"TCGA.DA.A95V"	0.16967588821787	1.31521946708776e-14	0.0706377385332997	0.0857755989692679	1.31521946708776e-14	0.0773328293697416
"TCGA.DA.A95W"	0.00408756172681576	1.72462390334708e-14	0.018957853313548	0.0422510804184753	0.268213943567163	0.0547687825580589
"TCGA.DA.A95X"	1.22504564909631e-14	0.0830109600317665	0.0248918677108923	0.0364279943859816	0.0570599060992465	0.178335073839974
"TCGA.DA.A95Y"	0.0127447105401685	0.00353491680385391	0.0188336902264754	0.00283427705398568	0.00670613184116469	0.193696291766874
"TCGA.DA.A95Z"	1.58813447220805e-14	1.58813447220805e-14	0.0511530240729988	0.047596487936358	0.114854563304085	0.042311877491078
"TCGA.EB.A44Q"	0.0927751004629651	0.199190994728471	0.0423204865816036	0.0482870223129756	0.00509054521772742	0.239502399066963
"TCGA.EB.A44R"	0.0390435351827171	0.0180124604073909	0.149452447723406	0.143319934011903	0.0884692168728913	0.130043474172137
"TCGA.EB.A5KH"	0.00910447527599786	1.46465868992188e-14	0.183354833006791	1.46465868992188e-14	0.0329918773404658	1.46465868992188e-14
"TCGA.EB.A5SG"	0.296273848117513	0.348470485467281	0.000562259679884296	1.3374243537383e-14	1.3374243537383e-14	0.0179387323548449
"TCGA.EB.A5SH"	0.0279595969492626	1.3780281964819e-14	0.112752515845274	1.3780281964819e-14	0.0614925067896625	1.3780281964819e-14
"TCGA.EB.A5UL"	0.323645228373248	0.0277073740278881	0.0384564962268331	0.0414648085939054	1.71287604291912e-14	0.152573888664413
"TCGA.EB.A5UN"	0.000881960858341536	0.0309617963106272	0.00797239729268444	0.078853004707137	1.03501500113762e-05	0.165695146418009
"TCGA.EB.A5VV"	0.296406191748967	0.203851173250592	0.119473238369986	0.0834643876817255	0.0123253584671383	6.06951518377626e-13
"TCGA.EB.A6L9"	0.3566422023888	0.0923862882424537	0.0335573846683755	0.108179554596384	0.0374618877936723	0.0249861409852538
"TCGA.EE.A17X"	1.86967449753605e-14	0.0687604433354151	0.0235199502178547	1.86967449753605e-14	1.86967449753605e-14	0.0553209596095231
"TCGA.EE.A17Y"	1.33719792858013e-14	1.33719792858013e-14	0.0610831303647962	0.0473570478683165	0.00148474136645915	0.14047165507158
"TCGA.EE.A17Z"	0.0176068312275608	1.09604136883202e-14	0.124884613300723	0.0400179298302672	0.026676301400565	0.0161353419828002
"TCGA.EE.A180"	0.0114067441515381	1.59897643997321e-14	0.0245530503074454	1.59897643997321e-14	1.59897643997321e-14	0.197727602812082
"TCGA.EE.A181"	0.24550085937529	0.221577388668014	0.00241905718090894	0.00273311756032924	0.0338335232025193	0.153705650817049
"TCGA.EE.A182"	0.00114782331954505	0.0085829915717109	0.0056870744562094	0.00627113763435475	0.056819830380398	1.27142152459417e-14
"TCGA.EE.A183"	0.270855204248264	0.0853912480432156	0.0606015972398828	0.0214480756587032	0.050432347811046	0.0328889859080827
"TCGA.EE.A184"	0.1346228867956	0.0617510039865527	0.00775239456073274	2.24304149425644e-14	2.24304149425644e-14	0.319413019017474
"TCGA.EE.A185"	0.0179539259857307	2.40423359120345e-05	0.0288812261598507	0.0230888703228567	1.22430455236832e-14	0.114264569385757
"TCGA.EE.A20B"	0.069117765151083	0.0587842020596944	0.143168333917825	7.60520179277181e-05	0.0957992245982546	0.106643802808975
"TCGA.EE.A20C"	1.27640463276291e-14	3.05296196310467e-14	1.27640463276291e-14	0.0426449583133472	0.06769806934065	0.0433189762005634
"TCGA.EE.A20F"	0.0965440718552329	0.0663155850365822	0.00674508601553616	0.122062085886861	0.000123828468904824	0.148405486104045
"TCGA.EE.A20H"	8.76691840639122e-15	1.58913607950558e-09	0.0451620357513985	0.105721140111774	0.0464386989250773	0.0816702758388012
"TCGA.EE.A20I"	0.025603350703481	0.0113642155320118	0.101282875599109	1.96318712972859e-14	0.106749130852604	0.255552199865401
"TCGA.EE.A29A"	1.33331703925177e-14	1.33331703925177e-14	0.0625615368121895	0.0268108289279653	0.0418936527082849	0.0860617385366526
"TCGA.EE.A29B"	0.00302413004126061	0.0192679880032119	0.0959781829863391	0.0012625152187251	0.0845830736963456	0.0625317427645928
"TCGA.EE.A29C"	0.0120425680001429	0.0306953585585259	0.125516625922364	0.0671891078436771	1.40912852758374e-14	0.111287031824661
"TCGA.EE.A29D"	0.0332619154898017	1.6416976849422e-14	0.0585128881891016	0.00523641938350996	0.0139349437807366	0.224858556604197
"TCGA.EE.A29E"	0.0271390176289147	1.32279152815046e-14	0.00132052998771754	1.32279152815046e-14	0.0182551250483557	0.170819100104083
"TCGA.EE.A29G"	0.000827561074153034	0.013571869153856	0.0293652457453316	0.240259170819541	0.239879557368233	0.0583018635923748
"TCGA.EE.A29H"	0.173079409441289	0.0238752366110867	0.0140833131456042	0.0373997359784398	0.034908159407357	0.0859655479251999
"TCGA.EE.A29L"	0.0323731619557406	1.27076862035668e-14	0.0531198574645847	0.0025205934669394	0.00759349317886364	0.133698937419495
"TCGA.EE.A29M"	0.175325875998506	0.114506376679696	0.045545324569839	0.0396500260913912	0.0585536581901501	0.238407449182444
"TCGA.EE.A29N"	0.149467394150587	0.174564223939934	0.0498464550976532	0.140646358189675	1.08915770886858e-14	0.0791323577169803
"TCGA.EE.A29P"	0.0963230999236797	0.335218245093061	0.0540351993715961	0.0498716439877202	0.0460338689906568	0.138514307954951
"TCGA.EE.A29Q"	0.00581923224089643	1.60853554410992e-14	0.00972415527809537	1.60853554410992e-14	1.60853554410992e-14	0.154341350812365
"TCGA.EE.A29R"	1.52447345613571e-14	1.52447345613571e-14	0.0465119453500073	0.0946833042423226	0.0557203049930586	0.133352216607673
"TCGA.EE.A29S"	0.00236774006219315	0.12641994238244	0.096218018906464	0.0127377740296463	1.95374735422305e-14	0.183098787273426
"TCGA.EE.A29T"	0.14691324974071	0.166183201670341	0.0887655673034039	0.00335909223019209	0.0670301423329117	0.0623245230248353
"TCGA.EE.A29V"	0.0163905812487002	1.45329652454965e-14	0.015689510650796	0.0370637701364195	0.0150038095848454	0.0959463607533428
"TCGA.EE.A29W"	1.22271095315245e-14	1.22271095315245e-14	0.19869603092464	1.22271095315245e-14	0.0897485658753476	0.0908897015935543
"TCGA.EE.A29X"	0.106321359855886	0.188112590654786	0.066662866246932	0.0965264832982601	0.000900257118528143	0.111642212028508
"TCGA.EE.A2A0"	0.189131498380391	0.11160386068147	0.074639208629815	1.02089911084247e-14	0.12897267996225	0.0867679449645146
"TCGA.EE.A2A1"	0.280331113248836	0.208359151636606	0.0441224655453552	0.000768481723779363	0.159014210543447	0.026524936429382
"TCGA.EE.A2A2"	0.212810134583788	0.0525156894901619	0.0834253734632323	2.07631652959135e-14	2.07631652959135e-14	0.157715649618705
"TCGA.EE.A2A5"	1.28595916221346e-14	1.28595916221346e-14	0.1605115348974	0.00472210284485255	0.182183994862599	0.0480710974578901
"TCGA.EE.A2A6"	0.24138484918092	0.141487426129468	0.0863614306237784	0.000909852228249595	0.112632482241309	0.126895652400364
"TCGA.EE.A2GB"	0.0184071767628534	1.33407306318832e-14	0.0701625583017858	0.0186373242545296	0.0966901403250534	0.35546600672652
"TCGA.EE.A2GC"	0.147868946455241	0.196631683763473	0.0219921852830163	0.106714038455681	0.108463149500267	0.0737905694661513
"TCGA.EE.A2GD"	0.0143021923509011	0.0746988220578406	0.0410567665667409	1.28126388991468e-14	0.0768139440936716	0.161846513242168
"TCGA.EE.A2GE"	0.189309621273209	0.18122860838975	0.0320006108381367	0.0515860203039211	0.0848609881709101	0.0319863414657598
"TCGA.EE.A2GH"	0.167012775713531	0.0960354314879128	0.0128222072655139	0.0301155423164331	0.331429719249636	9.41977812188794e-15
"TCGA.EE.A2GI"	0.230276688227531	0.0646881202925804	0.0373537615557081	0.132519002532645	0.082207147127689	0.0805081434242051
"TCGA.EE.A2GJ"	1.64258803891404e-14	0.348563081874721	0.069171043498457	0.00806866261748037	8.1924786504077e-11	0.17396597501329
"TCGA.EE.A2GK"	0.306511113327363	0.167714470635919	0.131629804397681	0.100911526695334	0.00344455366156126	0.00488302004339848
"TCGA.EE.A2GL"	0.261705342748861	0.13203066607868	0.0562030661570239	0.0300509100834999	0.0447036133295817	0.0536400327138636
"TCGA.EE.A2GM"	1.76449859210783e-14	1.76449859210783e-14	0.0414591553269695	0.00456987282171276	0.0850425108657931	0.105714383096544
"TCGA.EE.A2GN"	0.0278443683466434	1.36825005287435e-14	0.11467370186133	1.36825005287435e-14	0.10433640990749	0.0575033154758435
"TCGA.EE.A2GO"	1.28577242960301e-14	0.00820255612589075	0.0728372024477958	0.00679834726922158	1.28577242960301e-14	0.0452772977798934
"TCGA.EE.A2GP"	1.36406466217775e-14	0.141837158409306	0.0415128150192783	0.0093081226754233	0.118069022117006	0.0741734360980695
"TCGA.EE.A2GR"	0.0156730257552848	1.41103930664162e-14	0.0599305957829679	0.0316058740377394	0.0222656506717636	0.135461857595239
"TCGA.EE.A2GS"	0.0230568416246321	0.040513957131359	0.0593555429567937	1.33881480004754e-14	0.140174763305204	0.0280119667911303
"TCGA.EE.A2GT"	0.253821806127935	0.230443043560244	0.123885198532047	0.0171351526343809	0.0448469840173973	0.0174536389794345
"TCGA.EE.A2GU"	0.0948549575997471	0.214041485463707	0.064310362842164	0.0499815629515276	0.0383434075101332	0.189563035448309
"TCGA.EE.A2M5"	0.00479537590978089	0.0583975682197994	1.25846491513612e-14	0.082617178225503	0.0160832668585693	0.0582020682500048
"TCGA.EE.A2M6"	1.18733168424817e-14	0.110685655032927	0.202900026864102	0.000281528203773054	0.18973577132144	0.0765399721321017
"TCGA.EE.A2M7"	0.19470444158758	0.00595516375969922	0.186180307575721	0.0562760952017347	0.20789362380229	0.209806227076182
"TCGA.EE.A2M8"	0.212332234758369	0.387606048917908	0.0603873435768037	1.13252551807705e-14	5.60833942049493e-05	0.0410214514877799
"TCGA.EE.A2MC"	0.117558152375818	0.245105064663901	0.0423172502376604	0.00993544689397307	0.0597285421796256	0.0711178457349527
"TCGA.EE.A2MD"	0.166292305910748	0.0316079811840472	0.0645480304370879	0.00625100457977039	0.0700153543824635	0.128823415991385
"TCGA.EE.A2ME"	0.259724254336455	0.244034383214831	0.156181687124611	0.00965859856108236	0.00493360226896425	0.0100771593661451
"TCGA.EE.A2MF"	0.000742984807806526	0.0637037838148024	0.0369174507757851	0.0326843751907857	0.130553552203292	0.277261548926127
"TCGA.EE.A2MG"	0.290494401638622	0.185568120992094	0.0880295960973843	0.0161187423822645	0.111719171164309	0.038896991285048
"TCGA.EE.A2MH"	0.188992595282268	0.121280592440927	0.0254209236675511	0.0643921390701531	0.0496724585051671	0.0555789400325375
"TCGA.EE.A2MI"	9.09134551514764e-15	0.141916597274817	0.282749600777537	0.0547410722653566	0.173231594922383	0.152769273851279
"TCGA.EE.A2MJ"	0.233857880558131	0.314382275745471	0.0361794813112177	0.0981546444006539	0.000932665064144096	0.042380328232288
"TCGA.EE.A2MK"	0.0935135777514634	0.258936604238291	1.86894007017181e-14	0.0292294256540723	0.0181344611221711	0.195347664076674
"TCGA.EE.A2ML"	0.0802868533851534	0.184388650397292	0.0708832607306393	0.0104951188237729	0.00938579255128717	0.276392522443478
"TCGA.EE.A2MM"	0.00770342875163384	0.0113482749561972	0.110124843484025	0.0383740308206891	0.0889333706961639	0.107079829332974
"TCGA.EE.A2MN"	0.117216978353061	0.294303029042902	0.0700757448342128	0.0385063757306565	0.016075544418874	0.0263151161064938
"TCGA.EE.A2MP"	1.45591178402405e-14	0.116751836813415	0.0618296953292511	1.45591178402405e-14	0.0717663405553816	0.0969919905670332
"TCGA.EE.A2MQ"	0.0123406541562657	0.0294873828495747	0.0513385392174093	1.52824463684456e-14	0.0102887386611882	0.146248178617667
"TCGA.EE.A2MR"	0.294450576532597	0.254710766583386	0.13381866487405	0.0262105173058864	9.69957296014493e-15	0.0471991069133171
"TCGA.EE.A2MS"	0.0852342850894316	0.0183623658406957	0.280338743100386	0.110915217903909	0.136211708718655	0.165750453911599
"TCGA.EE.A2MT"	0.0661535356282682	1.69958553658583e-14	0.0107681756960531	0.0348503304357409	1.69958553658583e-14	0.244534349546783
"TCGA.EE.A2MU"	0.0531617814324686	0.264106677078913	1.54484188593925e-14	0.0196427390262255	1.54484188593925e-14	0.172253791687573
"TCGA.EE.A3AA"	0.153676968506382	0.153310907305903	0.09213662350518	0.141294059131938	0.0326296445456472	0.152683219003241
"TCGA.EE.A3AB"	0.00396578495633106	0.144634667261931	0.0152388535776559	0.0372094318649334	0.084945976390174	0.0392173862986679
"TCGA.EE.A3AC"	0.0405462937686378	0.174638347181834	0.0538232536604712	0.00263916827712595	0.0715026791854129	0.0968050929001646
"TCGA.EE.A3AD"	0.00997149584625769	1.29134919098018e-14	0.0419741397403126	0.00838727624134869	0.0377058053261066	0.166874451469233
"TCGA.EE.A3AE"	0.136461673321695	0.25734963625269	0.0218725939052773	0.0400488842410242	0.0370092842349344	0.124619948661377
"TCGA.EE.A3AF"	4.39205503499984e-05	0.121948482849982	0.0108666632098165	0.00131185394120543	0.00925305056118208	0.186142882180191
"TCGA.EE.A3AG"	1.057910878886e-14	0.0062737725727275	0.0412884708830894	0.0104138429747501	0.00986489321177971	0.0893007649658761
"TCGA.EE.A3AH"	0.0210923715949766	1.03550112494068e-14	0.0177060954539059	1.03550112494068e-14	0.32434228863869	0.0826121891539479
"TCGA.EE.A3J3"	0.0531293942097831	0.0146543614815322	0.104514856972178	0.0240088053904235	2.0726442790541e-14	0.146715406667778
"TCGA.EE.A3J4"	0.00315102885776801	1.81582912094498e-14	0.00331939590076962	1.81582912094498e-14	0.142294808217169	0.0487046591237207
"TCGA.EE.A3J5"	0.102022863489696	0.104382038549732	0.0498618032375937	1.82983121658281e-14	0.0621656537416682	0.116873242926962
"TCGA.EE.A3J7"	0.00510125108750196	0.00205018739441839	0.114294520438735	0.0152666277002208	0.000757409597327983	0.0865835206114514
"TCGA.EE.A3J8"	8.38941138398203e-15	8.38941138398203e-15	0.0913419817735269	0.0111753942374268	0.0755080918022666	0.0349084093112274
"TCGA.EE.A3JA"	0.104606728878493	0.0733237721303932	1.50593175880534e-14	1.50593175880534e-14	0.207104615618906	0.154025002643955
"TCGA.EE.A3JB"	1.22871268798445e-14	0.088310895673477	1.22871268798445e-14	0.00882962647326924	0.0936263765936649	0.114329174563951
"TCGA.EE.A3JD"	0.224689173720436	0.218514051965511	0.0844440445024668	8.66203026980846e-15	0.00767841933695132	0.091413079372652
"TCGA.EE.A3JE"	0.227277391912905	0.196885159180803	0.0523781674116752	0.018984804013814	1.00378129328094e-14	0.0382521126036747
"TCGA.EE.A3JH"	0.350606130714687	0.236368341510602	0.0168065309918198	1.15782890227054e-14	0.0228581790104216	0.00959398608323445
"TCGA.EE.A3JI"	0.00206158466348757	0.0426318301361688	0.121178828921223	1.44815482916351e-14	0.190809237133702	0.12421855527834
"TCGA.ER.A193"	0.00539620961311149	0.213121497441737	0.0493665639684939	0.027412344844755	0.0740088525222866	0.114330139800219
"TCGA.ER.A195"	0.020491021398543	0.262073918209923	0.0341361197027634	0.0495949812313464	0.0614551322815057	0.0444623066179987
"TCGA.ER.A197"	0.0171307281545646	0.167990767760468	0.0158842372937374	0.0223794456313893	0.0888192669057044	0.102386002888887
"TCGA.ER.A198"	1.97749045086637e-14	0.180676217480365	0.019658941579342	1.97749045086637e-14	0.238256361085194	0.141242030737204
"TCGA.ER.A199"	0.186392359899663	0.211850220504187	0.0501141029928888	0.00409380184874976	0.115921320113936	0.0278272697294572
"TCGA.ER.A19A"	0.0266106463451166	0.357226720706622	0.0730925225695484	9.19988047946273e-15	0.0770440767337738	0.0139680948066087
"TCGA.ER.A19B"	1.05337606250935e-14	1.05337606250935e-14	0.116819749335209	0.0416285587261833	0.0134781724751766	0.190745903842464
"TCGA.ER.A19C"	0.023874532177444	1.69526092291482e-14	0.0375502844251839	0.00734850311171936	0.00898245269808026	0.102198631247305
"TCGA.ER.A19D"	0.0541811800090405	0.102851132781994	0.265556243172174	0.0896619228345837	0.0872949522114368	0.0271145568274184
"TCGA.ER.A19E"	0.00138517150812275	0.00714778915040286	0.150124882764745	0.010214930217535	0.141666574877746	0.0753483803514321
"TCGA.ER.A19F"	0.0206147569481951	0.00177392040151565	0.0511688900392043	2.03245590031884e-14	2.03245590031884e-14	0.166540576743558
"TCGA.ER.A19G"	0.09821197999653	0.288722186697893	0.0461316103118611	1.31829508371037e-14	0.019232222771201	0.253509868043077
"TCGA.ER.A19H"	0.0621946912397902	0.119975804934408	0.133505386156262	0.0135463467692443	0.253475457299885	0.093525280821451
"TCGA.ER.A19J"	0.00170886663028137	1.39460497050891e-14	0.0200922688211699	0.0382584500990982	0.119696496615663	0.0547056565097826
"TCGA.ER.A19L"	1.13732324704476e-14	0.00706058482894447	0.115287653823951	1.13732324704476e-14	0.184942753882464	0.114606754728155
"TCGA.ER.A19M"	3.7983624442285e-07	0.248002120912255	0.0101181343088933	1.79269607890805e-14	0.0246817418420143	0.17486573991978
"TCGA.ER.A19N"	0.171018857475083	0.267552031967036	0.0047346338549067	0.00704313858803554	1.3573779940967e-14	0.0368689262386046
"TCGA.ER.A19P"	0.3022143992923	0.24451297694351	0.0616504412755843	0.0372532167069754	8.95747026200729e-15	0.0368529286004029
"TCGA.ER.A19Q"	0.010140089688014	0.323043068943233	0.0207824881195331	0.1230952767095	0.0234411466461892	0.0961217058134125
"TCGA.ER.A19S"	0.301853062118166	0.29641647563032	0.0230605701793899	1.25023958495457e-14	0.00135372741487528	0.108054153616077
"TCGA.ER.A19T"	1.86206432469931e-14	0.0300053663089869	0.020019376036638	0.017806961857673	0.0490057344382881	0.0863511638677007
"TCGA.ER.A19W"	0.127359806944917	0.459762718392906	1.31002489340848e-14	0.0449643518589564	0.000358291616978158	0.0717726263624383
"TCGA.ER.A1A1"	0.362089015809325	0.175510568417996	0.092519022809572	0.0664556059787689	0.0117819765238898	0.026295747743816
"TCGA.ER.A2NC"	1.15508846428551e-14	0.131313381239243	0.162326943320569	0.00389245974356154	0.0912373843451479	0.0604024695767834
"TCGA.ER.A2ND"	0.0086773009848629	1.29751470952007e-14	0.0386505147753572	0.08086783142667	1.29751470952007e-14	0.000377890909656631
"TCGA.ER.A2NE"	0.0157622393910641	1.14318777329912e-14	0.000294899664443023	0.0679715045176058	0.0160298858456974	0.229418047068525
"TCGA.ER.A2NF"	0.111633053882228	1.54944500144666e-14	0.0383216097268385	0.0309462166313724	0.245000197932081	0.00972930072113762
"TCGA.ER.A2NG"	0.000566172649292783	0.399840675052495	2.90346838264043e-05	0.0351298461217664	1.56534832331151e-14	0.121995916441847
"TCGA.ER.A2NH"	0.145041657080807	0.27056168201611	0.0142219557379714	0.0530676881550132	0.0187284095449692	0.0971954740528741
"TCGA.ER.A3ES"	0.00239979974906742	0.00308836506624559	1.15183965412802e-14	1.15183965412802e-14	0.0873272726785714	0.00230597233348973
"TCGA.ER.A3ET"	0.0481070264637951	0.0939922892838458	0.0718708443444194	0.115235628087753	0.040852183029696	0.136816837013258
"TCGA.ER.A3EV"	0.0311855153442836	1.01701598160903e-14	0.304107470932226	0.0315496261533476	0.0497571492660521	0.0902104172767989
"TCGA.ER.A3PL"	0.00657461562379888	0.00360376952179273	0.0722682786987212	1.52785951686058e-14	1.52785951686058e-14	0.297323741215629
"TCGA.ER.A42K"	1.2249418706852e-14	1.2249418706852e-14	0.136678175509796	0.0111328233220814	0.058074647321481	0.0976706238337005
"TCGA.ER.A42L"	0.104350618500345	0.140253441642686	0.0112796032251126	0.241244592609517	0.151066231172197	0.053904182638365
"TCGA.FR.A3YN"	0.0730209278805681	0.0311653403705419	0.0316867193865903	0.0902999989927595	1.96326122528259e-14	0.261582737790147
"TCGA.FR.A44A"	0.00569155139972029	0.443940838260912	0.0563712965236739	0.0923330954256321	1.22538047388645e-14	0.0540935922246606
"TCGA.FR.A69P"	1.51192913143189e-14	1.51192913143189e-14	0.166850742050106	0.0673449928794316	1.51192913143189e-14	0.139628318926028
"TCGA.FR.A729"	0.172428384262359	0.178541035730158	0.0380287502790468	0.0530820008093879	0.085605848099164	0.000281384503986177
"TCGA.FR.A7U8"	1.5039159087533e-14	1.5039159087533e-14	0.0671438990453866	0.0178555497504017	0.0942780491938689	1.5039159087533e-14
"TCGA.FR.A7U9"	0.0227639045559209	0.109133755302117	1.24247345248648e-14	0.0619132075091007	0.276941394468889	0.0129500368454385
"TCGA.FR.A7UA"	0.220141715004904	0.30356753735866	0.0253484887922113	0.044731689282189	6.38888130658366e-12	0.0294877321970178
"TCGA.FR.A8YC"	0.0275163184803258	0.0343208035845386	0.267155827809096	0.0265766037838275	0.0857346228370152	1.44705442879601e-14
"TCGA.FR.A8YD"	0.00154563067995219	9.22751717755462e-15	0.0340743105560562	0.000342698485892101	0.0618656915699889	9.22751717755462e-15
"TCGA.FR.A8YE"	0.201472983648737	0.207494254433817	0.1005194121542	0.0429625749437715	0.0480629407442449	0.0268834984407921
"TCGA.FS.A1YW"	0.0280732956580268	1.79825286459502e-14	1.79825286459502e-14	0.0392794235398019	0.193965299757135	0.211446002273089
"TCGA.FS.A1YX"	1.32918147279417e-14	0.000688317354782445	0.108304016072127	0.0380625165177233	0.165372698613186	0.0796738858391285
"TCGA.FS.A1YY"	0.00856707091663029	1.56606178509897e-14	0.0197051485505981	1.56606178509897e-14	0.0388027490992938	0.078903224979751
"TCGA.FS.A1Z0"	0.0655824196157274	0.300288602841932	1.57178945828521e-14	0.0137475784575463	0.144732647850415	0.127486705036308
"TCGA.FS.A1Z3"	0.0120426134691229	1.42721878121787e-14	0.111484826432236	0.0430759113585982	0.0485428964577931	0.152125662266281
"TCGA.FS.A1Z4"	0.30493909273943	0.191782771532776	0.144199971887883	0.0306559926530395	3.54192099886699e-11	0.070532410722952
"TCGA.FS.A1Z7"	1.32042832433895e-14	0.0465726263005266	0.14757531799011	1.32042832433895e-14	0.247652745105668	0.0762174058192148
"TCGA.FS.A1ZA"	0.0704608350493089	0.0197498191545496	0.0666291428543534	0.0449668917303921	0.105286239150583	0.152395455750132
"TCGA.FS.A1ZB"	1.20933239432014e-14	0.0875352530192372	0.135403693609873	6.35723546500348e-12	0.12631944195888	7.7868198411608e-06
"TCGA.FS.A1ZC"	0.00384523811651953	7.11345777883468e-08	0.210261771393184	0.0424615764886332	0.0230556130271664	0.0759518048373613
"TCGA.FS.A1ZD"	2.32669149133906e-14	0.0155288840327364	0.267186579544276	0.00375720871298008	0.0312860951685412	0.0975233201063463
"TCGA.FS.A1ZE"	0.00654262452070539	1.42645364000784e-14	0.0285409310297292	0.000734682674199	0.114866931448734	0.10870970730225
"TCGA.FS.A1ZF"	0.00170925182997569	1.58511855596934e-14	1.58511855596934e-14	0.00341654915475359	0.161293623333577	0.173282597328308
"TCGA.FS.A1ZG"	0.0089049720920345	1.61375338057133e-14	0.0181158969276706	1.61375338057133e-14	0.109728235613194	0.120227753392823
"TCGA.FS.A1ZH"	0.221174252741483	0.152592308911102	0.0411121396561883	0.00219349626188641	0.0682173264967114	0.0664624540574841
"TCGA.FS.A1ZJ"	0.0188178877379802	1.60102382188121e-14	0.0158469736286796	0.0239410012221906	0.0583560252075218	0.178014575006971
"TCGA.FS.A1ZK"	0.0116273220942205	1.20259753842529e-14	0.0945744934933441	0.00970215432871948	0.050492807487607	0.159435434539942
"TCGA.FS.A1ZM"	1.29447747005547e-14	0.216341469330525	0.0531661374700755	0.0521515497250885	0.0664615844207198	0.142875903167738
"TCGA.FS.A1ZP"	0.060940497316426	0.103117405343218	0.085202234641883	1.59215181520966e-14	0.360288685246786	1.59215181520966e-14
"TCGA.FS.A1ZQ"	0.013536736022694	1.40800315217159e-14	0.0166665784593545	0.231163946070384	5.42393298914019e-12	0.257210649197279
"TCGA.FS.A1ZR"	0.00171301949123703	1.20703697929984e-14	0.0371033625632053	0.0519582719278207	0.246390097704362	0.123870444620186
"TCGA.FS.A1ZS"	1.07158115152622e-14	0.0247726361025622	0.0505933225226291	0.00631646116496139	1.07158115152622e-14	0.0818019303119434
"TCGA.FS.A1ZT"	0.30918537997266	0.205242132842138	0.0491926379463583	0.0316534293414627	0.0562070802893169	0.0350596070370671
"TCGA.FS.A1ZU"	1.53967614369183e-14	0.00101195528371179	0.0653118109095969	1.53967614369183e-14	0.0720803222801659	8.54836494713355e-09
"TCGA.FS.A1ZW"	0.300301876016085	0.16627967437127	0.00767928650326639	0.0227567263709461	0.0746066619735894	0.150920259914467
"TCGA.FS.A1ZY"	0.00512142724447098	2.45910350056259e-10	0.0903058357017241	1.2421138468155e-14	0.112858628490436	0.0164750080046174
"TCGA.FS.A1ZZ"	0.00356040749872509	1.24388308094199e-14	0.0651880367133059	0.00836340429374378	0.0919527722757577	0.113418515107045
"TCGA.FS.A4F0"	0.000226578836841596	0.00511583093162931	0.109520016213319	0.034289214556307	0.0822073642046045	0.168311726045079
"TCGA.FS.A4F2"	1.58386925626704e-14	0.0296454692631684	0.0402088641637042	0.0753045417852126	0.0896461840373036	0.0663457780698215
"TCGA.FS.A4F4"	0.0235799036382014	0.00393421388865317	0.0356139102802442	0.00777201281454163	1.9811902612904e-14	1.9811902612904e-14
"TCGA.FS.A4F5"	0.00987998144782073	1.43899598002727e-14	0.0987319956151841	0.0596307893575576	0.018851116218261	0.138721502894785
"TCGA.FS.A4F8"	0.348183585659294	0.147862943688075	0.0593859262521876	0.0152164527273113	0.114253138601783	0.0129103612509493
"TCGA.FS.A4F9"	0.0051592787253456	0.0160841929578923	0.0878223480700893	1.43230552730523e-14	0.0760498244081525	0.0276098758614116
"TCGA.FS.A4FB"	0.0162488219932429	1.1121792659704e-14	0.0447308133548626	0.0605215951101127	0.0302436080099314	0.107782345297303
"TCGA.FS.A4FC"	1.66571683092121e-14	0.0179004141441137	0.0598852944430696	0.0779729152209778	0.0145912367219649	0.157393687869363
"TCGA.FS.A4FD"	0.0102493535042211	1.31275608932027e-14	0.110603225100746	0.134611792281973	0.142823723288233	0.0197399926040519
"TCGA.FW.A3I3"	0.00952983487898908	8.08475556134334e-15	0.093562627338278	8.08475556134334e-15	0.022329071076373	0.0681777131414211
"TCGA.FW.A3R5"	0.0512160565260187	0.031903430364543	0.00663769796753835	0.00146369233262066	2.05844241553708e-14	0.128294108237838
"TCGA.FW.A3TU"	0.0115323329531373	1.13968269380114e-14	0.0328974211924196	0.019369293013665	0.0222559805801989	1.13968269380114e-14
"TCGA.FW.A3TV"	0.0786855994238932	0.0451544241402809	0.024884446241589	0.00853665554285322	0.00170950313592197	0.302866151903538
"TCGA.FW.A5DY"	0.275977643784946	0.134408592368807	0.159116404407144	0.0581787056800412	0.0422068361153882	0.000917866744860347
"TCGA.GF.A3OT"	1.5020010356621e-14	0.0440571885562251	0.00166219665366838	0.0289248135145263	0.0036168709620174	0.0268808465317347
"TCGA.GF.A4EO"	0.283976306028929	0.31900870047659	0.00627903249005685	0.00602505720060337	0.0541727633338126	4.1348729032004e-12
"TCGA.GF.A6C8"	0.0193990039287589	0.0898148326427621	0.0268446300666486	0.0767840405789378	0.121284116481771	0.111714981119127
"TCGA.GF.A6C9"	0.188200468291018	0.157065128557013	0.0224552762456767	0.0970052770860666	8.34643180448222e-15	0.00838566247116381
"TCGA.GN.A262"	0.00804356411842762	8.90745469841534e-15	0.047501909886778	0.0255271604799856	0.0115713304958239	8.90745469841534e-15
"TCGA.GN.A264"	0.00902702829415047	0.00576336620659002	0.0550698383876425	0.00764092331518738	0.00592338185940464	0.293469823534512
"TCGA.GN.A265"	0.224517188462132	0.276880819605042	0.0256658797713285	0.0233798752322738	0.0030748420191471	0.0769349110239232
"TCGA.GN.A266"	0.0907744016988666	0.26938011314181	1.63997072163689e-12	0.0310421943271221	0.145291379946446	0.0528663154540642
"TCGA.GN.A267"	0.0129116006152785	0.00222629551915159	0.0634827456703752	2.08095066570285e-14	0.126740275537603	0.00182169652223476
"TCGA.GN.A268"	0.00838962722175512	1.43060296387689e-14	0.0608189132723709	0.0468228507232336	1.43060296387689e-14	0.206634825403624
"TCGA.GN.A26A"	1.28357565373956e-14	0.149878697545435	0.00309286526202175	0.0441111880632601	0.0162572349125358	0.113420140908879
"TCGA.GN.A26D"	0.0208892288646045	0.00887436016617925	0.00213849571314703	0.0138884890877205	0.0239454391404195	0.429427107744419
"TCGA.GN.A4U3"	0.0132738162724056	0.0189683637570229	0.0322912779902141	0.00356834500644759	0.0932672459540766	0.07022812297329
"TCGA.GN.A4U4"	0.00901999881006768	4.72240149085044e-05	0.0592223491346831	1.78873590752867e-14	0.17334619922041	1.78873590752867e-14
"TCGA.GN.A4U7"	0.017257925727604	0.00446224372009317	0.0122436020550612	0.0608836335236334	1.35921152187162e-14	0.00129694827476744
"TCGA.GN.A4U8"	0.204465943344663	0.184121350733435	0.0709009365714811	0.00927947369617146	0.16020628548223	0.0221751736219777
"TCGA.GN.A4U9"	9.31096312974854e-15	0.0168764773636417	0.201040233023372	0.0360742936774196	0.0409172946520536	0.151254763566471
"TCGA.GN.A8LK"	0.000265836891668301	1.28222958333365e-14	0.00697858445727115	0.0362044584904124	1.28222958333365e-14	0.0111599849705713
"TCGA.GN.A8LL"	0.0217951448047148	0.0103794609512725	0.100684006439327	0.103092417738599	1.14777317703261e-14	0.0389296973045601
"TCGA.GN.A9SD"	0.254628827437154	0.114421957452132	0.0641063790763475	1.24304006717327e-14	0.19675441842837	1.24304006717327e-14
"TCGA.HR.A2OG"	0.222389574736306	0.0816766553034656	0.0458286483060753	0.0261720304597037	0.00414930516264798	0.0610046935638759
"TCGA.HR.A2OH"	0.145533128810139	0.47866209959524	0.0228684500523765	0.048331059108987	0.0346033352349701	0.0821048446341442
"TCGA.LH.A9QB"	1.47885908361562e-14	2.10042554135605e-10	1.47885908361562e-14	1.47885908361562e-14	0.119505440012243	0.0841549157995378
"TCGA.OD.A75X"	0.0069855605126569	1.12026475347639e-14	0.00425097720744575	0.0085054517880499	0.0209327946375923	0.0803213204511974
"TCGA.QB.A6FS"	0.145622010674544	0.035135482561249	0.0404629772282594	0.104608987853353	1.71251082751914e-14	0.0613631728637366
"TCGA.QB.AA9O"	0.0825564271790528	0.0710073805546876	0.110320976320964	0.0426203481244469	0.00554054392455215	0.0872048346951881
"TCGA.RP.A690"	0.0216869640991656	0.00356599450957187	0.0534131654794069	1.36731133099803e-14	0.101879238408725	0.0355523364363994
"TCGA.RP.A693"	0.172356436583279	0.150071184073851	0.0406518120124611	0.0724091485305105	0.0521932697112493	0.0920662078907547
"TCGA.RP.A694"	0.106048768297192	0.0335794874240995	0.0437037275289816	0.0146360612084813	0.108104310686987	0.154608212523106
"TCGA.W3.A824"	0.00924352034897835	0.0948247526996402	0.0854374403388057	0.00746180964047996	2.11539421032697e-14	0.100396957530081
"TCGA.W3.A825"	1.27516042286609e-09	0.104802991748262	0.283897734703999	0.110236809054329	0.0466131712328472	0.022207512725963
"TCGA.W3.A828"	7.40640718445187e-15	2.2142498299446e-08	0.0572152650698709	0.129341963757506	0.144301680572126	0.0639736908633944
"TCGA.W3.AA1O"	0.0202998735947567	1.58632717116397e-14	0.0304700864335839	0.0265306988344236	0.0113552030248224	0.203440516277856
"TCGA.W3.AA1Q"	0.0185826905908426	2.22992662045481e-14	0.0672270727634103	2.22992662045481e-14	2.22992662045481e-14	2.22992662045481e-14
"TCGA.W3.AA1R"	0.0161646086982479	0.0122202217608649	0.0245628379513921	0.0440026176576523	1.88128783517427e-14	0.190808203144835
"TCGA.W3.AA1V"	1.22108946083444e-14	0.0476407105415638	0.00425943618911723	0.0276280177195537	0.0147174868241913	0.203033533503745
"TCGA.W3.AA1W"	0.126580778119864	0.410146252709116	0.00497348180807537	0.00187187471924684	1.20464460665779e-14	0.0230172601352079
"TCGA.W3.AA21"	0.0110437452695763	1.74824283194767e-14	0.0145293981698597	1.74824283194767e-14	0.0261908664343555	0.00949299050919053
"TCGA.WE.A8JZ"	0.00347168575644333	1.52280218379091e-14	0.0278304447156082	0.0305577046751778	0.0977665397952503	0.0888050468831279
"TCGA.WE.A8K1"	0.100731193266104	0.225999045338331	0.0517445707603706	0.0102542320019765	0.024014037021324	0.00131718289830522
"TCGA.WE.A8K5"	0.0126672025110354	2.33747224126411e-14	0.00696307797888361	0.000534856561013852	0.215348939187767	2.33747224126411e-14
"TCGA.WE.A8K6"	1.47003441765512e-14	0.0116273026442945	1.47003441765512e-14	0.0440503588968448	0.00226873026482565	0.0564859774365364
"TCGA.WE.A8ZM"	0.00115031596719459	6.68536058229521e-15	0.125678306905105	0.200360406034358	0.032483680412235	0.0468496446439632
"TCGA.WE.A8ZN"	0.0350340186475128	0.0298685607796045	0.057252501220975	0.0393618036223187	0.00297020625832013	1.98274619511279e-14
"TCGA.WE.A8ZO"	0.0185518882333056	0.210876927462515	0.106107371650926	0.0149272566054473	0.0980667668281297	0.0952680590418988
"TCGA.WE.A8ZQ"	1.01055614941521e-14	1.01055614941521e-14	0.117908000464956	0.0124341495358481	0.102980578849353	0.0299088658044721
"TCGA.WE.A8ZR"	0.0960095599580662	1.36049993485577e-14	0.100387221489566	0.0377341813370791	7.41456875396248e-07	0.323325379334887
"TCGA.WE.A8ZT"	0.00680997358602926	1.16032394428329e-14	1.16032394428329e-14	0.0174641328414923	0.246594086230774	0.0620366603772156
"TCGA.WE.A8ZX"	0.105554227870324	0.1376730804967	0.163750994786616	0.143519683930601	0.00975662828807895	0.00704937385332213
"TCGA.WE.A8ZY"	0.0177618831355385	1.26957576277755e-14	0.0747184269077732	0.170935819018103	5.79330184753495e-05	0.113994379243777
"TCGA.WE.AA9Y"	0.147138333539295	0.000663427925452638	0.150627832988162	0.0185950662771292	1.49844825064566e-14	0.123987156910614
"TCGA.WE.AAA0"	0.0877815221787034	0.00896348555230737	0.0089668128352184	0.00934296077475118	0.329347159525174	0.0420394213076025
"TCGA.WE.AAA3"	0.0244454534171896	0.0992732175971888	0.0606773858959516	0.0302086170857608	0.159005957921071	0.0347623924988116
"TCGA.WE.AAA4"	0.048714681604259	0.272517162921974	0.00873586244854391	0.0065024060260178	0.0678255257799658	0.0494477620861232
"TCGA.XV.AB01"	0.0677778784137602	1.74850227541486e-14	0.0877647210324799	1.74850227541486e-14	1.74850227541486e-14	1.74850227541486e-14
"TCGA.YD.A89C"	1.38571169086316e-14	1.38571169086316e-14	0.0533472217905801	0.00257043495151481	0.0799751052051483	0.0271102052937787
"TCGA.YD.A9TA"	0.0371450913806011	0.0832375116055123	0.167480815319567	0.0165359313068395	0.0715821389737156	9.44471995999569e-13
"TCGA.YG.AA3O"	0.00415864922347838	0.0234422174570524	0.0207368051835606	1.90993388199722e-14	0.0226480492536012	0.160883279455131
"TCGA.YG.AA3P"	8.39838708767301e-15	8.39838708767301e-15	0.00416516031800858	0.00574329160704071	0.268364927063857	8.39838708767301e-15
"TCGA.Z2.A8RT"	0.154887475487134	0.155059776861451	0.0902011827428208	0.0739573136811789	0.00836947329716916	0.101905534816699
"TCGA.Z2.AA3S"	0.0131007786316342	9.87611109682607e-08	0.00218713421141015	0.148666903679754	0.130968533822894	0.0671844486239305
"TCGA.Z2.AA3V"	0.0683868827627759	0.137747484711904	0.126704634329222	0.0732172254214233	0.0630819266562583	1.22984533129841e-14
